FIRE,pitch,yaw,tick,steamid,name
False,1.7602234,-66.89541,160236,76561198164970560,yuurih
False,1.7602234,-66.89541,160237,76561198164970560,yuurih
False,1.7602234,-66.89541,160238,76561198164970560,yuurih
False,1.7602234,-66.89541,160239,76561198164970560,yuurih
False,1.7602234,-66.89541,160240,76561198164970560,yuurih
False,1.7602234,-66.89541,160241,76561198164970560,yuurih
False,1.7602234,-66.89541,160242,76561198164970560,yuurih
False,1.7602234,-66.89541,160243,76561198164970560,yuurih
False,1.7602234,-66.89541,160244,76561198164970560,yuurih
False,1.7602234,-66.89541,160245,76561198164970560,yuurih
False,1.7602234,-66.89541,160246,76561198164970560,yuurih
False,1.7602234,-66.89541,160247,76561198164970560,yuurih
False,1.7602234,-66.89541,160248,76561198164970560,yuurih
False,1.7602234,-66.89541,160249,76561198164970560,yuurih
False,1.7602234,-66.89541,160250,76561198164970560,yuurih
False,1.7602234,-66.89541,160251,76561198164970560,yuurih
False,1.7602234,-66.89541,160252,76561198164970560,yuurih
False,1.7602234,-66.89541,160253,76561198164970560,yuurih
False,1.7602234,-66.89541,160254,76561198164970560,yuurih
False,1.7602234,-66.89541,160255,76561198164970560,yuurih
False,1.7602234,-66.89541,160256,76561198164970560,yuurih
False,1.7602234,-66.89541,160257,76561198164970560,yuurih
False,1.7602234,-66.89541,160258,76561198164970560,yuurih
False,1.7602234,-66.89541,160259,76561198164970560,yuurih
False,1.7602234,-66.89541,160260,76561198164970560,yuurih
False,1.7602234,-66.89541,160261,76561198164970560,yuurih
False,1.7602234,-66.89541,160262,76561198164970560,yuurih
False,1.7602234,-66.89541,160263,76561198164970560,yuurih
False,1.7602234,-66.89541,160264,76561198164970560,yuurih
False,1.7602234,-66.89541,160265,76561198164970560,yuurih
False,1.7602234,-66.89541,160266,76561198164970560,yuurih
False,1.7602234,-66.89541,160267,76561198164970560,yuurih
False,1.7602234,-66.89541,160268,76561198164970560,yuurih
False,1.7602234,-66.89541,160269,76561198164970560,yuurih
False,1.7602234,-66.89541,160270,76561198164970560,yuurih
False,1.7602234,-66.89541,160271,76561198164970560,yuurih
False,1.7602234,-66.89541,160272,76561198164970560,yuurih
False,1.7602234,-66.89541,160273,76561198164970560,yuurih
False,1.7602234,-66.89541,160274,76561198164970560,yuurih
False,1.7602234,-66.89541,160275,76561198164970560,yuurih
False,1.7602234,-66.89541,160276,76561198164970560,yuurih
False,1.7602234,-66.89541,160277,76561198164970560,yuurih
False,1.7602234,-66.89541,160278,76561198164970560,yuurih
False,1.7602234,-66.89541,160279,76561198164970560,yuurih
False,1.7602234,-66.89541,160280,76561198164970560,yuurih
False,1.7602234,-66.89541,160281,76561198164970560,yuurih
False,1.7602234,-66.89541,160282,76561198164970560,yuurih
False,1.7602234,-66.89541,160283,76561198164970560,yuurih
False,1.7876892,-66.89541,160284,76561198164970560,yuurih
False,1.8975525,-66.86794,160285,76561198164970560,yuurih
False,2.062683,-66.89541,160286,76561198164970560,yuurih
False,2.1450806,-67.03274,160287,76561198164970560,yuurih
False,2.1450806,-67.03274,160288,76561198164970560,yuurih
False,2.1450806,-67.03274,160289,76561198164970560,yuurih
False,2.1450806,-67.03274,160290,76561198164970560,yuurih
False,2.1450806,-67.03274,160291,76561198164970560,yuurih
False,2.1450806,-67.03274,160292,76561198164970560,yuurih
False,2.1450806,-67.03274,160293,76561198164970560,yuurih
False,2.1450806,-67.03274,160294,76561198164970560,yuurih
False,2.1450806,-67.03274,160295,76561198164970560,yuurih
False,2.1450806,-67.03274,160296,76561198164970560,yuurih
False,2.1450806,-67.03274,160297,76561198164970560,yuurih
False,2.1450806,-67.03274,160298,76561198164970560,yuurih
False,2.1450806,-67.03274,160299,76561198164970560,yuurih
False,2.1450806,-67.03274,160300,76561198164970560,yuurih
False,2.1450806,-67.03274,160301,76561198164970560,yuurih
False,2.1450806,-67.03274,160302,76561198164970560,yuurih
False,2.1176147,-67.08767,160303,76561198164970560,yuurih
False,2.090149,-67.03274,160304,76561198164970560,yuurih
False,2.1725464,-66.67534,160305,76561198164970560,yuurih
False,2.2824097,-65.98766,160306,76561198164970560,yuurih
False,2.502472,-64.640465,160307,76561198164970560,yuurih
False,2.6950836,-62.74292,160308,76561198164970560,yuurih
False,2.804947,-60.18551,160309,76561198164970560,yuurih
False,2.8598785,-57.132683,160310,76561198164970560,yuurih
False,2.942627,-54.0802,160311,76561198164970560,yuurih
False,3.1352234,-50.120316,160312,76561198164970560,yuurih
False,3.3824158,-45.85797,160313,76561198164970560,yuurih
False,3.602478,-41.457947,160314,76561198164970560,yuurih
False,3.740158,-37.60791,160315,76561198164970560,yuurih
False,3.7950897,-33.262817,160316,76561198164970560,yuurih
False,3.740158,-29.165268,160317,76561198164970560,yuurih
False,3.5750122,-26.30539,160318,76561198164970560,yuurih
False,3.3824158,-23.30783,160319,76561198164970560,yuurih
False,3.2725525,-21.355362,160320,76561198164970560,yuurih
False,3.2176208,-20.145493,160321,76561198164970560,yuurih
False,3.190155,-20.007812,160322,76561198164970560,yuurih
False,3.190155,-20.007812,160323,76561198164970560,yuurih
False,3.190155,-20.007812,160324,76561198164970560,yuurih
False,3.190155,-20.007812,160325,76561198164970560,yuurih
False,3.190155,-20.007812,160326,76561198164970560,yuurih
False,3.190155,-20.007812,160327,76561198164970560,yuurih
False,3.190155,-20.007812,160328,76561198164970560,yuurih
False,3.190155,-20.007812,160329,76561198164970560,yuurih
False,3.190155,-20.007812,160330,76561198164970560,yuurih
False,3.190155,-20.007812,160331,76561198164970560,yuurih
False,3.190155,-20.007812,160332,76561198164970560,yuurih
False,3.190155,-20.035278,160333,76561198164970560,yuurih
False,3.190155,-19.89795,160334,76561198164970560,yuurih
False,3.1626892,-19.540222,160335,76561198164970560,yuurih
False,3.1352234,-19.045486,160336,76561198164970560,yuurih
False,3.0250244,-18.71521,160337,76561198164970560,yuurih
False,2.942627,-18.57788,160338,76561198164970560,yuurih
False,2.8598785,-18.247955,160339,76561198164970560,yuurih
False,2.8324127,-17.94548,160340,76561198164970560,yuurih
False,2.777481,-17.587738,160341,76561198164970560,yuurih
False,2.7500153,-17.312744,160342,76561198164970560,yuurih
False,2.6950836,-17.14795,160343,76561198164970560,yuurih
False,2.6676178,-17.01027,160344,76561198164970560,yuurih
False,2.640152,-16.817657,160345,76561198164970560,yuurih
False,2.6126862,-16.680328,160346,76561198164970560,yuurih
False,2.6126862,-16.487732,160347,76561198164970560,yuurih
False,2.6126862,-16.350403,160348,76561198164970560,yuurih
False,2.6676178,-16.102875,160349,76561198164970560,yuurih
False,2.6950836,-15.910263,160350,76561198164970560,yuurih
False,2.7500153,-15.635254,160351,76561198164970560,yuurih
False,2.777481,-15.387726,160352,76561198164970560,yuurih
False,2.804947,-15.195465,160353,76561198164970560,yuurih
False,2.8324127,-15.002869,160354,76561198164970560,yuurih
False,2.8324127,-14.837723,160355,76561198164970560,yuurih
False,2.8598785,-14.7278595,160356,76561198164970560,yuurih
False,2.8598785,-14.562714,160357,76561198164970560,yuurih
False,2.8876953,-14.397919,160358,76561198164970560,yuurih
False,2.8876953,-14.315186,160359,76561198164970560,yuurih
False,2.9151611,-14.177856,160360,76561198164970560,yuurih
False,2.942627,-14.012726,160361,76561198164970560,yuurih
False,2.942627,-13.930328,160362,76561198164970560,yuurih
False,2.9700928,-13.820465,160363,76561198164970560,yuurih
False,2.9700928,-13.737717,160364,76561198164970560,yuurih
False,2.9700928,-13.682785,160365,76561198164970560,yuurih
False,2.9700928,-13.655319,160366,76561198164970560,yuurih
False,2.9700928,-13.655319,160367,76561198164970560,yuurih
False,2.9700928,-13.655319,160368,76561198164970560,yuurih
False,2.9700928,-13.655319,160369,76561198164970560,yuurih
False,2.9700928,-13.655319,160370,76561198164970560,yuurih
False,2.9700928,-13.655319,160371,76561198164970560,yuurih
False,2.9700928,-13.655319,160372,76561198164970560,yuurih
False,2.942627,-13.7651825,160373,76561198164970560,yuurih
False,2.9151611,-14.012726,160374,76561198164970560,yuurih
False,2.9151611,-14.45285,160375,76561198164970560,yuurih
False,2.8876953,-15.002869,160376,76561198164970560,yuurih
False,2.9151611,-15.552856,160377,76561198164970560,yuurih
False,2.9700928,-16.487732,160378,76561198164970560,yuurih
False,3.0250244,-17.670471,160379,76561198164970560,yuurih
False,3.0524902,-19.100418,160380,76561198164970560,yuurih
False,3.079956,-20.310287,160381,76561198164970560,yuurih
False,3.1074219,-21.520157,160382,76561198164970560,yuurih
False,3.1626892,-22.565231,160383,76561198164970560,yuurih
False,3.190155,-23.362762,160384,76561198164970560,yuurih
False,3.2725525,-24.5177,160385,76561198164970560,yuurih
False,3.3824158,-25.947647,160386,76561198164970560,yuurih
False,3.4926147,-27.57019,160387,76561198164970560,yuurih
False,3.602478,-28.972656,160388,76561198164970560,yuurih
False,3.7126923,-30.595215,160389,76561198164970560,yuurih
False,3.8225555,-31.942749,160390,76561198164970560,yuurih
False,3.9324188,-33.482895,160391,76561198164970560,yuurih
False,4.015167,-34.967773,160392,76561198164970560,yuurih
False,4.070099,-36.28784,160393,76561198164970560,yuurih
False,4.1250305,-37.387848,160394,76561198164970560,yuurih
False,4.1250305,-38.51532,160395,76561198164970560,yuurih
False,4.1524963,-39.312866,160396,76561198164970560,yuurih
False,4.179962,-39.75299,160397,76561198164970560,yuurih
False,4.179962,-39.89032,160398,76561198164970560,yuurih
False,4.179962,-39.94525,160399,76561198164970560,yuurih
False,4.179962,-39.972717,160400,76561198164970560,yuurih
False,4.179962,-40.08293,160401,76561198164970560,yuurih
False,4.1524963,-40.247726,160402,76561198164970560,yuurih
False,4.1524963,-40.49527,160403,76561198164970560,yuurih
False,4.1524963,-40.715332,160404,76561198164970560,yuurih
False,4.1250305,-40.990326,160405,76561198164970560,yuurih
False,4.0975647,-41.210403,160406,76561198164970560,yuurih
False,4.070099,-41.457947,160407,76561198164970560,yuurih
False,4.070099,-41.81534,160408,76561198164970560,yuurih
False,4.042633,-42.117798,160409,76561198164970560,yuurih
False,4.042633,-42.282944,160410,76561198164970560,yuurih
False,4.042633,-42.31041,160411,76561198164970560,yuurih
False,4.015167,-42.31041,160412,76561198164970560,yuurih
False,4.015167,-42.31041,160413,76561198164970560,yuurih
False,4.015167,-42.31041,160414,76561198164970560,yuurih
False,4.015167,-42.31041,160415,76561198164970560,yuurih
False,4.015167,-42.31041,160416,76561198164970560,yuurih
False,4.015167,-42.31041,160417,76561198164970560,yuurih
False,4.015167,-42.337875,160418,76561198164970560,yuurih
False,4.015167,-42.337875,160419,76561198164970560,yuurih
False,4.015167,-42.337875,160420,76561198164970560,yuurih
False,4.015167,-42.337875,160421,76561198164970560,yuurih
False,4.015167,-42.31041,160422,76561198164970560,yuurih
False,3.9877014,-42.255478,160423,76561198164970560,yuurih
False,3.9598846,-42.17273,160424,76561198164970560,yuurih
False,3.9598846,-42.090332,160425,76561198164970560,yuurih
False,3.9598846,-42.0354,160426,76561198164970560,yuurih
False,3.9598846,-41.9252,160427,76561198164970560,yuurih
False,3.9598846,-41.705475,160428,76561198164970560,yuurih
False,3.9598846,-41.3752,160429,76561198164970560,yuurih
False,3.9598846,-40.990326,160430,76561198164970560,yuurih
False,3.9598846,-40.412872,160431,76561198164970560,yuurih
False,3.9598846,-39.807922,160432,76561198164970560,yuurih
False,3.9598846,-39.037857,160433,76561198164970560,yuurih
False,3.9324188,-38.15793,160434,76561198164970560,yuurih
False,3.8774872,-37.277985,160435,76561198164970560,yuurih
False,3.8225555,-36.28784,160436,76561198164970560,yuurih
False,3.767624,-35.380432,160437,76561198164970560,yuurih
False,3.7126923,-34.77516,160438,76561198164970560,yuurih
False,3.602478,-34.197693,160439,76561198164970560,yuurih
False,3.5200806,-33.73044,160440,76561198164970560,yuurih
False,3.4098816,-33.400146,160441,76561198164970560,yuurih
False,3.35495,-33.207886,160442,76561198164970560,yuurih
False,3.3274841,-33.042755,160443,76561198164970560,yuurih
False,3.3000183,-32.93289,160444,76561198164970560,yuurih
False,3.2725525,-32.76776,160445,76561198164970560,yuurih
False,3.2450867,-32.602615,160446,76561198164970560,yuurih
False,3.2176208,-32.30014,160447,76561198164970560,yuurih
False,3.190155,-31.942749,160448,76561198164970560,yuurih
False,3.1352234,-31.50261,160449,76561198164970560,yuurih
False,3.1074219,-30.92514,160450,76561198164970560,yuurih
False,3.0524902,-30.182877,160451,76561198164970560,yuurih
False,2.9975586,-29.412811,160452,76561198164970560,yuurih
False,2.8876953,-28.257874,160453,76561198164970560,yuurih
False,2.777481,-26.882858,160454,76561198164970560,yuurih
False,2.640152,-25.507843,160455,76561198164970560,yuurih
False,2.475006,-23.747635,160456,76561198164970560,yuurih
False,2.2824097,-21.850433,160457,76561198164970560,yuurih
False,2.0352173,-19.842682,160458,76561198164970560,yuurih
False,1.7324066,-17.835266,160459,76561198164970560,yuurih
False,1.3200684,-15.580322,160460,76561198164970560,yuurih
False,0.90740967,-12.995453,160461,76561198164970560,yuurih
False,0.38520813,-9.640167,160462,76561198164970560,yuurih
False,-0.16479492,-6.725342,160463,76561198164970560,yuurih
False,-0.74261475,-4.112671,160464,76561198164970560,yuurih
False,-1.3475342,-1.8851929,160465,76561198164970560,yuurih
False,-1.9524841,0.17715454,160466,76561198164970560,yuurih
False,-2.392273,1.8546295,160467,76561198164970560,yuurih
False,-2.7225494,3.037384,160468,76561198164970560,yuurih
False,-2.8873444,4.0546417,160469,76561198164970560,yuurih
False,-2.8598785,4.274719,160470,76561198164970560,yuurih
False,-2.8598785,4.274719,160471,76561198164970560,yuurih
False,-2.8598785,4.274719,160472,76561198164970560,yuurih
False,-2.8598785,4.274719,160473,76561198164970560,yuurih
False,-2.8598785,4.274719,160474,76561198164970560,yuurih
False,-2.8598785,4.274719,160475,76561198164970560,yuurih
False,-2.8598785,4.274719,160476,76561198164970560,yuurih
False,-2.8598785,4.274719,160477,76561198164970560,yuurih
False,-2.8598785,4.274719,160478,76561198164970560,yuurih
False,-2.8598785,4.274719,160479,76561198164970560,yuurih
False,-2.8598785,4.274719,160480,76561198164970560,yuurih
False,-2.8598785,4.274719,160481,76561198164970560,yuurih
False,-2.8873444,4.2197876,160482,76561198164970560,yuurih
False,-2.9975586,4.137039,160483,76561198164970560,yuurih
False,-3.1348877,4.412384,160484,76561198164970560,yuurih
False,-3.3824158,5.264862,160485,76561198164970560,yuurih
False,-3.6299438,6.254654,160486,76561198164970560,yuurih
False,-3.904953,7.052185,160487,76561198164970560,yuurih
False,-4.2623596,7.8222656,160488,76561198164970560,yuurih
False,-4.592285,8.4272,160489,76561198164970560,yuurih
False,-4.9500275,8.977203,160490,76561198164970560,yuurih
False,-5.307434,9.362061,160491,76561198164970560,yuurih
False,-5.6373596,9.664886,160492,76561198164970560,yuurih
False,-5.80249,9.802216,160493,76561198164970560,yuurih
False,-5.8848877,9.829681,160494,76561198164970560,yuurih
False,-5.9123535,9.829681,160495,76561198164970560,yuurih
False,-5.9398193,9.802216,160496,76561198164970560,yuurih
False,-6.0500336,9.692352,160497,76561198164970560,yuurih
False,-6.132431,9.664886,160498,76561198164970560,yuurih
False,-6.2148285,9.664886,160499,76561198164970560,yuurih
False,-6.2422943,9.664886,160500,76561198164970560,yuurih
False,-6.270111,9.664886,160501,76561198164970560,yuurih
False,-6.270111,9.664886,160502,76561198164970560,yuurih
False,-6.270111,9.664886,160503,76561198164970560,yuurih
False,-6.270111,9.664886,160504,76561198164970560,yuurih
False,-6.270111,9.664886,160505,76561198164970560,yuurih
False,-6.270111,9.664886,160506,76561198164970560,yuurih
False,-6.3250427,9.664886,160507,76561198164970560,yuurih
False,-6.3799744,9.63707,160508,76561198164970560,yuurih
False,-6.40744,9.609604,160509,76561198164970560,yuurih
False,-6.434906,9.609604,160510,76561198164970560,yuurih
False,-6.434906,9.609604,160511,76561198164970560,yuurih
False,-6.434906,9.609604,160512,76561198164970560,yuurih
False,-6.434906,9.609604,160513,76561198164970560,yuurih
False,-6.434906,9.609604,160514,76561198164970560,yuurih
False,-6.462372,9.63707,160515,76561198164970560,yuurih
False,-6.4898376,9.692352,160516,76561198164970560,yuurih
False,-6.5173035,9.719818,160517,76561198164970560,yuurih
False,-6.545105,9.747284,160518,76561198164970560,yuurih
False,-6.572571,9.77475,160519,76561198164970560,yuurih
False,-6.572571,9.829681,160520,76561198164970560,yuurih
False,-6.6000366,9.829681,160521,76561198164970560,yuurih
False,-6.6275024,9.857147,160522,76561198164970560,yuurih
False,-6.6549683,9.857147,160523,76561198164970560,yuurih
False,-6.682434,9.884613,160524,76561198164970560,yuurih
False,-6.7373657,9.93988,160525,76561198164970560,yuurih
False,-6.7922974,9.994812,160526,76561198164970560,yuurih
False,-6.7922974,9.994812,160527,76561198164970560,yuurih
False,-6.820099,10.022278,160528,76561198164970560,yuurih
False,-6.8475647,10.022278,160529,76561198164970560,yuurih
False,-6.8475647,10.022278,160530,76561198164970560,yuurih
False,-6.8750305,10.049744,160531,76561198164970560,yuurih
False,-6.8750305,10.049744,160532,76561198164970560,yuurih
False,-6.8750305,10.049744,160533,76561198164970560,yuurih
True,-6.8750305,10.049744,160534,76561198164970560,yuurih
True,-6.8750305,10.077209,160535,76561198164970560,yuurih
True,-6.8750305,10.077209,160536,76561198164970560,yuurih
True,-6.8750305,10.077209,160537,76561198164970560,yuurih
True,-6.8750305,10.104675,160538,76561198164970560,yuurih
False,-6.929962,10.159607,160539,76561198164970560,yuurih
False,-6.929962,10.214874,160540,76561198164970560,yuurih
False,-6.9024963,10.24234,160541,76561198164970560,yuurih
False,-6.9024963,10.269806,160542,76561198164970560,yuurih
False,-6.8750305,10.297272,160543,76561198164970560,yuurih
False,-6.8750305,10.297272,160544,76561198164970560,yuurih
False,-6.8750305,10.324738,160545,76561198164970560,yuurih
False,-6.8475647,10.324738,160546,76561198164970560,yuurih
False,-6.8475647,10.324738,160547,76561198164970560,yuurih
False,-6.8475647,10.324738,160548,76561198164970560,yuurih
False,-6.8475647,10.324738,160549,76561198164970560,yuurih
False,-6.8475647,10.324738,160550,76561198164970560,yuurih
False,-6.8475647,10.324738,160551,76561198164970560,yuurih
False,-6.8750305,10.324738,160552,76561198164970560,yuurih
False,-6.929962,10.379669,160553,76561198164970560,yuurih
False,-6.957428,10.407135,160554,76561198164970560,yuurih
False,-6.957428,10.407135,160555,76561198164970560,yuurih
False,-6.984894,10.434601,160556,76561198164970560,yuurih
False,-7.0123596,10.434601,160557,76561198164970560,yuurih
False,-7.0123596,10.434601,160558,76561198164970560,yuurih
False,-7.0123596,10.434601,160559,76561198164970560,yuurih
False,-7.0123596,10.434601,160560,76561198164970560,yuurih
False,-7.0123596,10.434601,160561,76561198164970560,yuurih
False,-7.0123596,10.434601,160562,76561198164970560,yuurih
False,-7.0123596,10.434601,160563,76561198164970560,yuurih
False,-7.0123596,10.434601,160564,76561198164970560,yuurih
False,-7.0123596,10.434601,160565,76561198164970560,yuurih
False,-7.0123596,10.434601,160566,76561198164970560,yuurih
False,-7.0123596,10.434601,160567,76561198164970560,yuurih
False,-6.984894,10.434601,160568,76561198164970560,yuurih
False,-6.929962,10.434601,160569,76561198164970560,yuurih
False,-6.8475647,10.489883,160570,76561198164970560,yuurih
False,-6.7648315,10.517349,160571,76561198164970560,yuurih
False,-6.6000366,10.544815,160572,76561198164970560,yuurih
False,-6.159897,10.599747,160573,76561198164970560,yuurih
False,-5.4725647,10.874756,160574,76561198164970560,yuurih
False,-4.702484,11.31488,160575,76561198164970560,yuurih
False,-3.2176208,12.194824,160576,76561198164970560,yuurih
False,-1.8975525,13.047302,160577,76561198164970560,yuurih
False,-0.5774689,13.734619,160578,76561198164970560,yuurih
False,0.19259644,13.817368,160579,76561198164970560,yuurih
False,0.7975464,13.927231,160580,76561198164970560,yuurih
False,1.4852142,14.257172,160581,76561198164970560,yuurih
False,1.97995,14.5047,160582,76561198164970560,yuurih
False,2.475006,14.66983,160583,76561198164970560,yuurih
False,2.777481,14.6423645,160584,76561198164970560,yuurih
False,2.9151611,14.532166,160585,76561198164970560,yuurih
False,2.942627,14.367371,160586,76561198164970560,yuurih
False,2.942627,14.20224,160587,76561198164970560,yuurih
False,2.942627,14.037094,160588,76561198164970560,yuurih
False,2.8598785,13.899765,160589,76561198164970560,yuurih
False,2.6950836,13.6796875,160590,76561198164970560,yuurih
False,2.5574036,13.487091,160591,76561198164970560,yuurih
False,2.4475403,13.212097,160592,76561198164970560,yuurih
False,2.3651428,12.717361,160593,76561198164970560,yuurih
False,2.337677,12.112091,160594,76561198164970560,yuurih
False,2.3102112,11.644821,160595,76561198164970560,yuurih
False,2.2824097,11.232147,160596,76561198164970560,yuurih
False,2.2549438,10.902222,160597,76561198164970560,yuurih
False,2.2549438,10.737076,160598,76561198164970560,yuurih
False,2.227478,10.682144,160599,76561198164970560,yuurih
False,2.227478,10.682144,160600,76561198164970560,yuurih
False,2.227478,10.682144,160601,76561198164970560,yuurih
False,2.227478,10.682144,160602,76561198164970560,yuurih
False,2.227478,10.682144,160603,76561198164970560,yuurih
False,2.227478,10.682144,160604,76561198164970560,yuurih
False,2.227478,10.682144,160605,76561198164970560,yuurih
False,2.227478,10.682144,160606,76561198164970560,yuurih
False,2.227478,10.682144,160607,76561198164970560,yuurih
False,2.2549438,10.654678,160608,76561198164970560,yuurih
False,2.2549438,10.654678,160609,76561198164970560,yuurih
False,2.2549438,10.654678,160610,76561198164970560,yuurih
False,2.2549438,10.654678,160611,76561198164970560,yuurih
False,2.2549438,10.654678,160612,76561198164970560,yuurih
False,2.2549438,10.654678,160613,76561198164970560,yuurih
False,2.2549438,10.654678,160614,76561198164970560,yuurih
False,2.2549438,10.654678,160615,76561198164970560,yuurih
False,2.2549438,10.654678,160616,76561198164970560,yuurih
False,2.2549438,10.654678,160617,76561198164970560,yuurih
False,2.2549438,10.654678,160618,76561198164970560,yuurih
False,2.2549438,10.654678,160619,76561198164970560,yuurih
False,2.2549438,10.654678,160620,76561198164970560,yuurih
False,2.2549438,10.654678,160621,76561198164970560,yuurih
False,2.2549438,10.654678,160622,76561198164970560,yuurih
False,2.2549438,10.654678,160623,76561198164970560,yuurih
False,2.2549438,10.654678,160624,76561198164970560,yuurih
False,2.2549438,10.654678,160625,76561198164970560,yuurih
False,2.2549438,10.654678,160626,76561198164970560,yuurih
False,2.2549438,10.654678,160627,76561198164970560,yuurih
False,2.2549438,10.654678,160628,76561198164970560,yuurih
False,2.2549438,10.654678,160629,76561198164970560,yuurih
False,2.2549438,10.654678,160630,76561198164970560,yuurih
False,2.2549438,10.654678,160631,76561198164970560,yuurih
False,2.2549438,10.654678,160632,76561198164970560,yuurih
False,2.2549438,10.654678,160633,76561198164970560,yuurih
False,2.2549438,10.654678,160634,76561198164970560,yuurih
False,2.2549438,10.654678,160635,76561198164970560,yuurih
False,2.2549438,10.654678,160636,76561198164970560,yuurih
False,2.2549438,10.654678,160637,76561198164970560,yuurih
False,2.2549438,10.654678,160638,76561198164970560,yuurih
False,2.2549438,10.654678,160639,76561198164970560,yuurih
False,2.2549438,10.654678,160640,76561198164970560,yuurih
False,2.2549438,10.654678,160641,76561198164970560,yuurih
False,2.2549438,10.654678,160642,76561198164970560,yuurih
False,2.2549438,10.654678,160643,76561198164970560,yuurih
False,2.2549438,10.654678,160644,76561198164970560,yuurih
False,2.2549438,10.654678,160645,76561198164970560,yuurih
False,2.2549438,10.654678,160646,76561198164970560,yuurih
False,2.2549438,10.654678,160647,76561198164970560,yuurih
False,2.2549438,10.654678,160648,76561198164970560,yuurih
False,2.2549438,10.654678,160649,76561198164970560,yuurih
False,2.2549438,10.654678,160650,76561198164970560,yuurih
False,2.2549438,10.654678,160651,76561198164970560,yuurih
False,2.2549438,10.654678,160652,76561198164970560,yuurih
False,2.2549438,10.654678,160653,76561198164970560,yuurih
False,2.2549438,10.654678,160654,76561198164970560,yuurih
False,2.2549438,10.654678,160655,76561198164970560,yuurih
False,2.2549438,10.654678,160656,76561198164970560,yuurih
False,2.2549438,10.654678,160657,76561198164970560,yuurih
False,2.2549438,10.654678,160658,76561198164970560,yuurih
False,2.2549438,10.654678,160659,76561198164970560,yuurih
False,2.2549438,10.654678,160660,76561198164970560,yuurih
False,2.2549438,10.654678,160661,76561198164970560,yuurih
False,2.2549438,10.654678,160662,76561198164970560,yuurih
False,2.2549438,10.654678,160663,76561198164970560,yuurih
False,2.2549438,10.654678,160664,76561198164970560,yuurih
False,2.2549438,10.654678,160665,76561198164970560,yuurih
False,2.2549438,10.654678,160666,76561198164970560,yuurih
False,2.2549438,10.654678,160667,76561198164970560,yuurih
False,2.2549438,10.654678,160668,76561198164970560,yuurih
False,2.2549438,10.654678,160669,76561198164970560,yuurih
False,2.2549438,10.654678,160670,76561198164970560,yuurih
False,2.2549438,10.654678,160671,76561198164970560,yuurih
False,2.2549438,10.654678,160672,76561198164970560,yuurih
False,2.2549438,10.654678,160673,76561198164970560,yuurih
False,2.2549438,10.654678,160674,76561198164970560,yuurih
False,2.2549438,10.654678,160675,76561198164970560,yuurih
False,2.2549438,10.654678,160676,76561198164970560,yuurih
False,2.2549438,10.654678,160677,76561198164970560,yuurih
False,2.2549438,10.654678,160678,76561198164970560,yuurih
False,2.2549438,10.654678,160679,76561198164970560,yuurih
False,2.2549438,10.654678,160680,76561198164970560,yuurih
False,2.2549438,10.654678,160681,76561198164970560,yuurih
False,2.2549438,10.654678,160682,76561198164970560,yuurih
False,2.2549438,10.654678,160683,76561198164970560,yuurih
False,2.2549438,10.654678,160684,76561198164970560,yuurih
False,2.2549438,10.654678,160685,76561198164970560,yuurih
False,2.2549438,10.654678,160686,76561198164970560,yuurih
False,2.2549438,10.654678,160687,76561198164970560,yuurih
False,2.2549438,10.654678,160688,76561198164970560,yuurih
False,2.2549438,10.654678,160689,76561198164970560,yuurih
False,2.2549438,10.654678,160690,76561198164970560,yuurih
False,2.2549438,10.654678,160691,76561198164970560,yuurih
False,2.2549438,10.654678,160692,76561198164970560,yuurih
False,2.2549438,10.654678,160693,76561198164970560,yuurih
False,2.2824097,10.599747,160694,76561198164970560,yuurih
False,2.337677,10.407135,160695,76561198164970560,yuurih
False,2.337677,10.324738,160696,76561198164970560,yuurih
False,2.337677,10.324738,160697,76561198164970560,yuurih
False,2.337677,10.324738,160698,76561198164970560,yuurih
False,2.337677,10.324738,160699,76561198164970560,yuurih
False,2.3651428,10.324738,160700,76561198164970560,yuurih
False,2.3926086,10.352203,160701,76561198164970560,yuurih
False,2.4475403,10.324738,160702,76561198164970560,yuurih
False,2.502472,10.269806,160703,76561198164970560,yuurih
False,2.5574036,10.24234,160704,76561198164970560,yuurih
False,2.5852203,10.214539,160705,76561198164970560,yuurih
False,2.640152,10.214539,160706,76561198164970560,yuurih
False,2.6676178,10.214539,160707,76561198164970560,yuurih
False,2.6676178,10.214539,160708,76561198164970560,yuurih
False,2.7225494,10.214539,160709,76561198164970560,yuurih
False,2.804947,10.214539,160710,76561198164970560,yuurih
False,2.8598785,10.214539,160711,76561198164970560,yuurih
False,2.9700928,10.214539,160712,76561198164970560,yuurih
False,3.190155,10.214539,160713,76561198164970560,yuurih
False,3.3824158,10.297272,160714,76561198164970560,yuurih
False,3.602478,10.379669,160715,76561198164970560,yuurih
False,3.9877014,10.489883,160716,76561198164970560,yuurih
False,4.454956,10.654678,160717,76561198164970560,yuurih
False,4.840164,10.819824,160718,76561198164970560,yuurih
False,5.170105,11.012085,160719,76561198164970560,yuurih
False,5.5000305,11.14975,160720,76561198164970560,yuurih
False,5.7750244,11.232147,160721,76561198164970560,yuurih
False,5.967636,11.259613,160722,76561198164970560,yuurih
False,6.0500336,11.259613,160723,76561198164970560,yuurih
False,6.0500336,11.259613,160724,76561198164970560,yuurih
False,6.0500336,11.287079,160725,76561198164970560,yuurih
False,6.0500336,11.287079,160726,76561198164970560,yuurih
False,6.0500336,11.287079,160727,76561198164970560,yuurih
False,6.0500336,11.287079,160728,76561198164970560,yuurih
False,6.0500336,11.287079,160729,76561198164970560,yuurih
False,6.0500336,11.287079,160730,76561198164970560,yuurih
False,6.0500336,11.287079,160731,76561198164970560,yuurih
False,6.0500336,11.287079,160732,76561198164970560,yuurih
False,6.0500336,11.287079,160733,76561198164970560,yuurih
False,6.0500336,11.287079,160734,76561198164970560,yuurih
False,6.104965,11.259613,160735,76561198164970560,yuurih
False,6.2151794,11.14975,160736,76561198164970560,yuurih
False,6.3799744,10.984619,160737,76561198164970560,yuurih
False,6.545105,10.84729,160738,76561198164970560,yuurih
False,6.7377014,10.737076,160739,76561198164970560,yuurih
False,6.957428,10.737076,160740,76561198164970560,yuurih
False,7.259903,10.84729,160741,76561198164970560,yuurih
False,7.5627136,10.957153,160742,76561198164970560,yuurih
False,8.0849,11.067352,160743,76561198164970560,yuurih
False,8.497589,11.094818,160744,76561198164970560,yuurih
False,8.965179,11.094818,160745,76561198164970560,yuurih
False,9.350052,11.122284,160746,76561198164970560,yuurih
False,9.790192,11.177216,160747,76561198164970560,yuurih
False,10.22998,11.287079,160748,76561198164970560,yuurih
False,10.587387,11.424744,160749,76561198164970560,yuurih
False,11.000061,11.562073,160750,76561198164970560,yuurih
False,11.412735,11.672287,160751,76561198164970560,yuurih
False,11.770142,11.727219,160752,76561198164970560,yuurih
False,12.20993,11.837082,160753,76561198164970560,yuurih
False,12.622604,11.974762,160754,76561198164970560,yuurih
False,12.952545,12.139893,160755,76561198164970560,yuurih
False,13.309937,12.277222,160756,76561198164970560,yuurih
False,13.612747,12.3046875,160757,76561198164970560,yuurih
False,13.942688,12.332153,160758,76561198164970560,yuurih
False,14.217682,12.359619,160759,76561198164970560,yuurih
False,14.492676,12.387085,160760,76561198164970560,yuurih
False,14.740219,12.387085,160761,76561198164970560,yuurih
False,14.959946,12.414551,160762,76561198164970560,yuurih
False,15.152557,12.414551,160763,76561198164970560,yuurih
False,15.345154,12.414551,160764,76561198164970560,yuurih
False,15.482483,12.387085,160765,76561198164970560,yuurih
False,15.620148,12.387085,160766,76561198164970560,yuurih
False,15.757477,12.359619,160767,76561198164970560,yuurih
False,15.867691,12.332153,160768,76561198164970560,yuurih
False,16.00502,12.332153,160769,76561198164970560,yuurih
False,16.087418,12.332153,160770,76561198164970560,yuurih
False,16.225098,12.387085,160771,76561198164970560,yuurih
False,16.252563,12.414551,160772,76561198164970560,yuurih
False,16.28003,12.442352,160773,76561198164970560,yuurih
False,16.28003,12.442352,160774,76561198164970560,yuurih
False,16.28003,12.332153,160775,76561198164970560,yuurih
False,16.252563,12.194824,160776,76561198164970560,yuurih
False,16.225098,12.084625,160777,76561198164970560,yuurih
False,16.225098,11.8923645,160778,76561198164970560,yuurih
False,16.197632,11.562073,160779,76561198164970560,yuurih
False,16.197632,11.259613,160780,76561198164970560,yuurih
False,16.170166,11.012085,160781,76561198164970560,yuurih
False,16.115234,10.902222,160782,76561198164970560,yuurih
False,15.977554,10.70961,160783,76561198164970560,yuurih
False,15.812759,10.572281,160784,76561198164970560,yuurih
False,15.592682,10.489883,160785,76561198164970560,yuurih
False,15.317688,10.489883,160786,76561198164970560,yuurih
False,14.959946,10.682144,160787,76561198164970560,yuurih
False,14.492676,11.14975,160788,76561198164970560,yuurih
False,14.052551,11.699753,160789,76561198164970560,yuurih
False,13.529999,12.332153,160790,76561198164970560,yuurih
False,12.980011,12.964554,160791,76561198164970560,yuurih
False,12.4574585,13.404694,160792,76561198164970560,yuurih
False,11.934937,13.734619,160793,76561198164970560,yuurih
False,11.384918,13.927231,160794,76561198164970560,yuurih
False,10.779999,13.954697,160795,76561198164970560,yuurih
False,10.175049,13.789551,160796,76561198164970560,yuurih
False,9.597595,13.487091,160797,76561198164970560,yuurih
False,8.937714,12.992371,160798,76561198164970560,yuurih
False,8.359909,12.469818,160799,76561198164970560,yuurih
False,7.672577,11.809616,160800,76561198164970560,yuurih
False,6.9852448,11.122284,160801,76561198164970560,yuurih
False,6.40744,10.462067,160802,76561198164970560,yuurih
False,5.692627,9.582138,160803,76561198164970560,yuurih
False,5.004959,8.619812,160804,76561198164970560,yuurih
False,4.345093,7.657135,160805,76561198164970560,yuurih
False,3.602478,6.529663,160806,76561198164970560,yuurih
False,2.9700928,5.677185,160807,76561198164970560,yuurih
False,2.337677,5.0722504,160808,76561198164970560,yuurih
False,1.5950775,4.43985,160809,76561198164970560,yuurih
False,0.8250122,3.9447784,160810,76561198164970560,yuurih
False,0.05493164,3.6697693,160811,76561198164970560,yuurih
False,-0.65986633,3.5046387,160812,76561198164970560,yuurih
False,-1.4024658,3.312378,160813,76561198164970560,yuurih
False,-2.1450806,3.0923157,160814,76561198164970560,yuurih
False,-2.6950836,2.8722382,160815,76561198164970560,yuurih
False,-3.2172852,2.7070923,160816,76561198164970560,yuurih
False,-3.492279,2.6246948,160817,76561198164970560,yuurih
False,-3.5475464,2.6246948,160818,76561198164970560,yuurih
False,-3.5475464,2.6246948,160819,76561198164970560,yuurih
False,-3.5475464,2.6246948,160820,76561198164970560,yuurih
False,-3.5475464,2.6246948,160821,76561198164970560,yuurih
False,-3.5475464,2.6246948,160822,76561198164970560,yuurih
False,-3.5475464,2.6246948,160823,76561198164970560,yuurih
False,-3.5475464,2.6246948,160824,76561198164970560,yuurih
False,-3.5475464,2.6246948,160825,76561198164970560,yuurih
False,-3.5475464,2.6246948,160826,76561198164970560,yuurih
False,-3.5475464,2.6246948,160827,76561198164970560,yuurih
False,-3.5475464,2.6246948,160828,76561198164970560,yuurih
False,-3.5475464,2.6246948,160829,76561198164970560,yuurih
False,-3.5475464,2.6246948,160830,76561198164970560,yuurih
False,-3.5475464,2.6246948,160831,76561198164970560,yuurih
False,-3.5475464,2.6246948,160832,76561198164970560,yuurih
False,-4.0975647,2.5697632,160833,76561198164970560,yuurih
False,-4.9225616,2.3771667,160834,76561198164970560,yuurih
False,-5.995102,2.074707,160835,76561198164970560,yuurih
False,-7.0123596,1.9648438,160836,76561198164970560,yuurih
False,-8.057434,1.9923096,160837,76561198164970560,yuurih
False,-9.212372,2.0472412,160838,76561198164970560,yuurih
False,-10.147583,1.9373779,160839,76561198164970560,yuurih
False,-11.109924,1.772232,160840,76561198164970560,yuurih
False,-11.769791,1.7173004,160841,76561198164970560,yuurih
False,-12.319794,1.6623688,160842,76561198164970560,yuurih
False,-12.65007,1.6623688,160843,76561198164970560,yuurih
False,-12.759933,1.7173004,160844,76561198164970560,yuurih
False,-12.759933,1.7173004,160845,76561198164970560,yuurih
False,-12.897263,1.7447662,160846,76561198164970560,yuurih
False,-13.11734,1.8271637,160847,76561198164970560,yuurih
False,-13.11734,1.8271637,160848,76561198164970560,yuurih
False,-13.11734,1.8546295,160849,76561198164970560,yuurih
False,-13.11734,1.8546295,160850,76561198164970560,yuurih
False,-13.11734,1.8546295,160851,76561198164970560,yuurih
False,-13.11734,1.8546295,160852,76561198164970560,yuurih
False,-13.11734,1.8546295,160853,76561198164970560,yuurih
False,-13.11734,1.8546295,160854,76561198164970560,yuurih
False,-13.11734,1.8546295,160855,76561198164970560,yuurih
False,-13.11734,1.9095612,160856,76561198164970560,yuurih
False,-13.11734,1.9373779,160857,76561198164970560,yuurih
False,-13.11734,1.9373779,160858,76561198164970560,yuurih
False,-13.11734,1.9373779,160859,76561198164970560,yuurih
False,-13.11734,1.9373779,160860,76561198164970560,yuurih
False,-13.11734,1.9373779,160861,76561198164970560,yuurih
False,-13.11734,1.9373779,160862,76561198164970560,yuurih
False,-13.11734,1.9648438,160863,76561198164970560,yuurih
False,-13.11734,1.9648438,160864,76561198164970560,yuurih
False,-13.11734,1.9648438,160865,76561198164970560,yuurih
False,-13.11734,1.9648438,160866,76561198164970560,yuurih
False,-13.11734,1.9648438,160867,76561198164970560,yuurih
False,-13.11734,1.9648438,160868,76561198164970560,yuurih
False,-13.11734,2.0197754,160869,76561198164970560,yuurih
False,-13.11734,2.074707,160870,76561198164970560,yuurih
False,-13.11734,2.1296387,160871,76561198164970560,yuurih
False,-13.11734,2.1571045,160872,76561198164970560,yuurih
False,-13.11734,2.1845703,160873,76561198164970560,yuurih
False,-13.11734,2.1845703,160874,76561198164970560,yuurih
False,-13.11734,2.1845703,160875,76561198164970560,yuurih
False,-13.11734,2.1845703,160876,76561198164970560,yuurih
False,-13.144806,2.1571045,160877,76561198164970560,yuurih
False,-13.172272,2.1296387,160878,76561198164970560,yuurih
False,-13.172272,2.1021729,160879,76561198164970560,yuurih
False,-13.200073,2.1021729,160880,76561198164970560,yuurih
False,-13.200073,2.074707,160881,76561198164970560,yuurih
False,-13.200073,2.0472412,160882,76561198164970560,yuurih
False,-13.227539,2.0197754,160883,76561198164970560,yuurih
False,-13.227539,1.9923096,160884,76561198164970560,yuurih
False,-13.227539,1.9923096,160885,76561198164970560,yuurih
False,-13.255005,1.9648438,160886,76561198164970560,yuurih
False,-13.255005,1.9648438,160887,76561198164970560,yuurih
False,-13.282471,1.9373779,160888,76561198164970560,yuurih
False,-13.282471,1.9373779,160889,76561198164970560,yuurih
False,-13.282471,1.9095612,160890,76561198164970560,yuurih
False,-13.282471,1.9095612,160891,76561198164970560,yuurih
False,-13.282471,1.9095612,160892,76561198164970560,yuurih
False,-13.282471,1.9095612,160893,76561198164970560,yuurih
False,-13.309937,1.9095612,160894,76561198164970560,yuurih
False,-13.337402,1.8546295,160895,76561198164970560,yuurih
False,-13.337402,1.8546295,160896,76561198164970560,yuurih
False,-13.337402,1.8546295,160897,76561198164970560,yuurih
False,-13.364868,1.8546295,160898,76561198164970560,yuurih
False,-13.4198,1.7996979,160899,76561198164970560,yuurih
False,-13.447266,1.7173004,160900,76561198164970560,yuurih
False,-13.529999,1.6070862,160901,76561198164970560,yuurih
False,-13.612396,1.5521545,160902,76561198164970560,yuurih
False,-13.694794,1.4697571,160903,76561198164970560,yuurih
False,-13.805008,1.3873596,160904,76561198164970560,yuurih
False,-13.887405,1.3046265,160905,76561198164970560,yuurih
False,-13.942337,1.1672974,160906,76561198164970560,yuurih
False,-14.025085,1.0570984,160907,76561198164970560,yuurih
False,-14.080017,0.9747009,160908,76561198164970560,yuurih
False,-14.162415,0.89230347,160909,76561198164970560,yuurih
False,-14.244812,0.78208923,160910,76561198164970560,yuurih
False,-14.300079,0.67222595,160911,76561198164970560,yuurih
False,-14.355011,0.5345459,160912,76561198164970560,yuurih
False,-14.382477,0.45214844,160913,76561198164970560,yuurih
False,-14.409943,0.3972168,160914,76561198164970560,yuurih
False,-14.437408,0.31481934,160915,76561198164970560,yuurih
False,-14.464874,0.259552,160916,76561198164970560,yuurih
False,-14.49234,0.1222229,160917,76561198164970560,yuurih
False,-14.519806,-0.0154418945,160918,76561198164970560,yuurih
False,-14.519806,-0.20770264,160919,76561198164970560,yuurih
False,-14.547272,-0.42778015,160920,76561198164970560,yuurih
False,-14.547272,-0.5654602,160921,76561198164970560,yuurih
False,-14.547272,-0.75772095,160922,76561198164970560,yuurih
False,-14.547272,-0.92285156,160923,76561198164970560,yuurih
False,-14.547272,-0.9777832,160924,76561198164970560,yuurih
False,-14.547272,-0.9777832,160925,76561198164970560,yuurih
False,-14.547272,-0.9777832,160926,76561198164970560,yuurih
False,-14.547272,-0.9777832,160927,76561198164970560,yuurih
False,-14.519806,-0.9777832,160928,76561198164970560,yuurih
False,-14.519806,-0.9777832,160929,76561198164970560,yuurih
False,-14.519806,-1.0327148,160930,76561198164970560,yuurih
False,-14.49234,-1.0327148,160931,76561198164970560,yuurih
False,-14.49234,-1.0327148,160932,76561198164970560,yuurih
False,-14.49234,-1.0327148,160933,76561198164970560,yuurih
False,-14.49234,-1.0601807,160934,76561198164970560,yuurih
False,-14.464874,-1.0601807,160935,76561198164970560,yuurih
False,-14.437408,-1.0601807,160936,76561198164970560,yuurih
False,-14.437408,-1.0601807,160937,76561198164970560,yuurih
False,-14.409943,-1.0601807,160938,76561198164970560,yuurih
False,-14.382477,-1.0601807,160939,76561198164970560,yuurih
False,-14.327545,-1.0601807,160940,76561198164970560,yuurih
False,-14.300079,-1.0601807,160941,76561198164970560,yuurih
False,-14.18988,-1.0601807,160942,76561198164970560,yuurih
False,-14.080017,-1.0327148,160943,76561198164970560,yuurih
False,-13.942337,-1.005249,160944,76561198164970560,yuurih
False,-13.7222595,-0.9777832,160945,76561198164970560,yuurih
False,-13.475067,-0.9503174,160946,76561198164970560,yuurih
False,-13.11734,-0.9503174,160947,76561198164970560,yuurih
False,-12.705002,-0.9503174,160948,76561198164970560,yuurih
False,-12.127533,-0.9777832,160949,76561198164970560,yuurih
False,-11.632462,-1.0327148,160950,76561198164970560,yuurih
False,-10.944794,-1.1429138,160951,76561198164970560,yuurih
False,-10.394775,-1.2253113,160952,76561198164970560,yuurih
False,-9.76239,-1.2802429,160953,76561198164970560,yuurih
False,-9.129974,-1.3904572,160954,76561198164970560,yuurih
False,-8.359909,-1.4453888,160955,76561198164970560,yuurih
False,-7.7549744,-1.4453888,160956,76561198164970560,yuurih
False,-7.0123596,-1.4453888,160957,76561198164970560,yuurih
False,-6.26976,-1.4453888,160958,76561198164970560,yuurih
False,-5.7750244,-1.5277863,160959,76561198164970560,yuurih
False,-5.197571,-1.6376495,160960,76561198164970560,yuurih
False,-4.6475525,-1.8027954,160961,76561198164970560,yuurih
False,-4.207428,-1.9404602,160962,76561198164970560,yuurih
False,-3.767273,-2.1052551,160963,76561198164970560,yuurih
False,-3.3000183,-2.3527832,160964,76561198164970560,yuurih
False,-2.8598785,-2.6552582,160965,76561198164970560,yuurih
False,-2.4200745,-3.2052612,160966,76561198164970560,yuurih
False,-1.8422699,-4.5527954,160967,76561198164970560,yuurih
False,-1.2922668,-6.7802734,160968,76561198164970560,yuurih
False,-0.43978882,-10.987701,160969,76561198164970560,yuurih
False,0.3577423,-15.772934,160970,76561198164970560,yuurih
False,1.1000061,-21.465225,160971,76561198164970560,yuurih
False,1.6225433,-26.552917,160972,76561198164970560,yuurih
False,2.0074158,-32.190277,160973,76561198164970560,yuurih
False,2.090149,-36.81038,160974,76561198164970560,yuurih
False,2.062683,-39.53293,160975,76561198164970560,yuurih
False,1.9250183,-41.760406,160976,76561198164970560,yuurih
False,1.7324066,-42.392807,160977,76561198164970560,yuurih
False,1.6500092,-42.392807,160978,76561198164970560,yuurih
False,1.6500092,-42.392807,160979,76561198164970560,yuurih
False,1.6500092,-42.392807,160980,76561198164970560,yuurih
False,1.6500092,-42.392807,160981,76561198164970560,yuurih
False,1.6500092,-42.392807,160982,76561198164970560,yuurih
False,1.6500092,-42.392807,160983,76561198164970560,yuurih
False,1.6500092,-42.392807,160984,76561198164970560,yuurih
False,1.6500092,-42.392807,160985,76561198164970560,yuurih
False,1.6500092,-42.392807,160986,76561198164970560,yuurih
False,1.6500092,-42.392807,160987,76561198164970560,yuurih
False,1.6500092,-42.392807,160988,76561198164970560,yuurih
False,1.6500092,-42.392807,160989,76561198164970560,yuurih
False,1.6500092,-42.392807,160990,76561198164970560,yuurih
False,1.4024658,-42.475204,160991,76561198164970560,yuurih
False,0.87994385,-42.722748,160992,76561198164970560,yuurih
False,0.2749939,-42.832947,160993,76561198164970560,yuurih
False,-0.10986328,-42.860413,160994,76561198164970560,yuurih
False,-0.6049347,-43.025208,160995,76561198164970560,yuurih
False,-0.9898071,-43.3002,160996,76561198164970560,yuurih
False,-1.375,-43.65796,160997,76561198164970560,yuurih
False,-1.6500092,-43.987885,160998,76561198164970560,yuurih
False,-1.8700867,-44.400208,160999,76561198164970560,yuurih
False,-2.0623474,-44.86783,161000,76561198164970560,yuurih
False,-2.1725464,-45.170288,161001,76561198164970560,yuurih
False,-2.227478,-45.33542,161002,76561198164970560,yuurih
False,-2.2549438,-45.362885,161003,76561198164970560,yuurih
False,-2.2549438,-45.362885,161004,76561198164970560,yuurih
False,-2.2549438,-45.362885,161005,76561198164970560,yuurih
False,-2.2549438,-45.362885,161006,76561198164970560,yuurih
False,-2.2549438,-45.362885,161007,76561198164970560,yuurih
False,-2.2549438,-45.362885,161008,76561198164970560,yuurih
False,-2.227478,-45.28015,161009,76561198164970560,yuurih
False,-2.227478,-45.170288,161010,76561198164970560,yuurih
False,-2.1450806,-44.812897,161011,76561198164970560,yuurih
False,-1.8975525,-44.097748,161012,76561198164970560,yuurih
False,-1.2922668,-42.17273,161013,76561198164970560,yuurih
False,-0.24752808,-37.965317,161014,76561198164970560,yuurih
False,0.6602173,-32.052948,161015,76561198164970560,yuurih
False,1.375,-23.44516,161016,76561198164970560,yuurih
False,1.7049408,-15.222931,161017,76561198164970560,yuurih
False,1.8700867,-6.835205,161018,76561198164970560,yuurih
False,1.815155,2.1296387,161019,76561198164970560,yuurih
False,1.5401459,9.252197,161020,76561198164970560,yuurih
False,1.0450745,16.099777,161021,76561198164970560,yuurih
False,0.7151489,20.087128,161022,76561198164970560,yuurih
False,0.6049347,22.204742,161023,76561198164970560,yuurih
False,0.5774689,22.259674,161024,76561198164970560,yuurih
False,0.5774689,22.259674,161025,76561198164970560,yuurih
False,0.5774689,22.259674,161026,76561198164970560,yuurih
False,0.5774689,22.259674,161027,76561198164970560,yuurih
False,0.5774689,22.259674,161028,76561198164970560,yuurih
False,0.5774689,22.259674,161029,76561198164970560,yuurih
False,0.5774689,22.259674,161030,76561198164970560,yuurih
False,0.5774689,22.259674,161031,76561198164970560,yuurih
False,0.5774689,22.259674,161032,76561198164970560,yuurih
False,0.5774689,22.259674,161033,76561198164970560,yuurih
False,0.5774689,22.259674,161034,76561198164970560,yuurih
False,0.5774689,22.259674,161035,76561198164970560,yuurih
False,0.4950714,21.764603,161036,76561198164970560,yuurih
False,0.3577423,21.544525,161037,76561198164970560,yuurih
False,0.24752808,21.627274,161038,76561198164970560,yuurih
False,0.1376648,21.792068,161039,76561198164970560,yuurih
False,0.02746582,22.617065,161040,76561198164970560,yuurih
False,0.0,23.689606,161041,76561198164970560,yuurih
False,0.02746582,24.56955,161042,76561198164970560,yuurih
False,0.110198975,25.00969,161043,76561198164970560,yuurih
False,0.1376648,24.954758,161044,76561198164970560,yuurih
False,0.22006226,24.542084,161045,76561198164970560,yuurih
False,0.30245972,23.579742,161046,76561198164970560,yuurih
False,0.52253723,20.967072,161047,76561198164970560,yuurih
False,0.8250122,16.64978,161048,76561198164970560,yuurih
False,1.1549377,10.434601,161049,76561198164970560,yuurih
False,1.5950775,2.5148315,161050,76561198164970560,yuurih
False,2.0074158,-5.9827423,161051,76561198164970560,yuurih
False,2.3926086,-16.020477,161052,76561198164970560,yuurih
False,2.5574036,-25.315247,161053,76561198164970560,yuurih
False,2.5299377,-32.327957,161054,76561198164970560,yuurih
False,2.2824097,-38.240326,161055,76561198164970560,yuurih
False,1.97995,-43.767822,161056,76561198164970560,yuurih
False,1.7324066,-46.957977,161057,76561198164970560,yuurih
False,1.51268,-48.195312,161058,76561198164970560,yuurih
False,1.51268,-47.562897,161059,76561198164970560,yuurih
False,1.6225433,-46.517822,161060,76561198164970560,yuurih
False,1.6225433,-46.517822,161061,76561198164970560,yuurih
False,1.6225433,-46.517822,161062,76561198164970560,yuurih
False,1.6225433,-45.610428,161063,76561198164970560,yuurih
False,1.51268,-42.915344,161064,76561198164970560,yuurih
False,1.4299316,-38.95546,161065,76561198164970560,yuurih
False,1.4024658,-34.08783,161066,76561198164970560,yuurih
False,1.375,-27.432861,161067,76561198164970560,yuurih
False,1.3475342,-19.622955,161068,76561198164970560,yuurih
False,1.4299316,-10.02536,161069,76561198164970560,yuurih
False,1.5950775,-1.8027954,161070,76561198164970560,yuurih
False,1.4852142,8.069794,161071,76561198164970560,yuurih
False,1.0176086,16.814575,161072,76561198164970560,yuurih
False,0.32992554,24.707214,161073,76561198164970560,yuurih
False,-0.412323,31.169586,161074,76561198164970560,yuurih
False,-1.0725403,35.624542,161075,76561198164970560,yuurih
False,-1.1824036,36.312225,161076,76561198164970560,yuurih
False,-1.1824036,36.312225,161077,76561198164970560,yuurih
False,-1.1824036,36.312225,161078,76561198164970560,yuurih
False,-1.1824036,36.312225,161079,76561198164970560,yuurih
False,-1.1824036,36.312225,161080,76561198164970560,yuurih
False,-1.1824036,36.312225,161081,76561198164970560,yuurih
False,-1.1824036,36.312225,161082,76561198164970560,yuurih
False,-1.1824036,36.312225,161083,76561198164970560,yuurih
False,-1.1824036,36.312225,161084,76561198164970560,yuurih
False,-1.2098694,36.092148,161085,76561198164970560,yuurih
False,-1.2922668,35.487213,161086,76561198164970560,yuurih
False,-1.3200684,35.87207,161087,76561198164970560,yuurih
False,-1.4024658,37.192154,161088,76561198164970560,yuurih
False,-1.4299316,38.677032,161089,76561198164970560,yuurih
False,-1.4299316,40.602036,161090,76561198164970560,yuurih
False,-1.4299316,42.499573,161091,76561198164970560,yuurih
False,-1.4024658,44.314728,161092,76561198164970560,yuurih
False,-1.4024658,45.909805,161093,76561198164970560,yuurih
False,-1.4024658,47.174606,161094,76561198164970560,yuurih
False,-1.4299316,48.137283,161095,76561198164970560,yuurih
False,-1.4848633,48.65982,161096,76561198164970560,yuurih
False,-1.5397949,48.90735,161097,76561198164970560,yuurih
False,-1.5397949,48.85208,161098,76561198164970560,yuurih
False,-1.5397949,48.85208,161099,76561198164970560,yuurih
False,-1.5397949,48.85208,161100,76561198164970560,yuurih
False,-1.5397949,48.85208,161101,76561198164970560,yuurih
False,-1.5950775,49.017212,161102,76561198164970560,yuurih
False,-1.6225433,49.29222,161103,76561198164970560,yuurih
False,-1.6500092,49.56723,161104,76561198164970560,yuurih
False,-1.677475,49.649628,161105,76561198164970560,yuurih
False,-1.677475,49.704895,161106,76561198164970560,yuurih
False,-1.7598724,49.92462,161107,76561198164970560,yuurih
False,-1.8422699,50.22708,161108,76561198164970560,yuurih
False,-1.8700867,50.419693,161109,76561198164970560,yuurih
False,-1.8975525,50.612305,161110,76561198164970560,yuurih
False,-1.8975525,50.99716,161111,76561198164970560,yuurih
False,-1.8975525,51.409836,161112,76561198164970560,yuurih
False,-1.8975525,52.124634,161113,76561198164970560,yuurih
False,-1.8975525,52.64717,161114,76561198164970560,yuurih
False,-1.8975525,52.894714,161115,76561198164970560,yuurih
False,-1.9250183,53.004913,161116,76561198164970560,yuurih
False,-1.97995,53.08731,161117,76561198164970560,yuurih
False,-2.0348816,53.142242,161118,76561198164970560,yuurih
False,-2.0623474,53.197174,161119,76561198164970560,yuurih
False,-2.0898132,53.22464,161120,76561198164970560,yuurih
False,-2.117279,53.252106,161121,76561198164970560,yuurih
False,-2.117279,53.27957,161122,76561198164970560,yuurih
False,-2.117279,53.33484,161123,76561198164970560,yuurih
False,-2.0898132,53.417236,161124,76561198164970560,yuurih
False,-2.0898132,53.554916,161125,76561198164970560,yuurih
False,-2.0898132,53.637314,161126,76561198164970560,yuurih
False,-2.117279,53.80211,161127,76561198164970560,yuurih
False,-2.1450806,54.022186,161128,76561198164970560,yuurih
False,-2.1725464,54.324646,161129,76561198164970560,yuurih
False,-2.227478,54.627106,161130,76561198164970560,yuurih
False,-2.3098755,54.902115,161131,76561198164970560,yuurih
False,-2.4200745,55.287323,161132,76561198164970560,yuurih
False,-2.475006,55.61725,161133,76561198164970560,yuurih
False,-2.5299377,55.974655,161134,76561198164970560,yuurih
False,-2.5848694,56.249664,161135,76561198164970560,yuurih
False,-2.6123352,56.44226,161136,76561198164970560,yuurih
False,-2.6123352,56.552124,161137,76561198164970560,yuurih
False,-2.6123352,56.60739,161138,76561198164970560,yuurih
False,-2.6123352,56.662323,161139,76561198164970560,yuurih
False,-2.6123352,56.662323,161140,76561198164970560,yuurih
False,-2.6123352,56.662323,161141,76561198164970560,yuurih
False,-2.6123352,56.662323,161142,76561198164970560,yuurih
False,-2.6123352,56.662323,161143,76561198164970560,yuurih
False,-2.6123352,56.662323,161144,76561198164970560,yuurih
False,-2.6123352,56.662323,161145,76561198164970560,yuurih
False,-2.6123352,56.662323,161146,76561198164970560,yuurih
False,-2.6123352,56.662323,161147,76561198164970560,yuurih
False,-2.6123352,56.634857,161148,76561198164970560,yuurih
False,-2.6123352,56.634857,161149,76561198164970560,yuurih
False,-2.6123352,56.60739,161150,76561198164970560,yuurih
False,-2.6123352,56.57959,161151,76561198164970560,yuurih
False,-2.639801,56.57959,161152,76561198164970560,yuurih
False,-2.639801,56.57959,161153,76561198164970560,yuurih
False,-2.639801,56.57959,161154,76561198164970560,yuurih
False,-2.639801,56.57959,161155,76561198164970560,yuurih
False,-2.639801,56.57959,161156,76561198164970560,yuurih
False,-2.6123352,56.68979,161157,76561198164970560,yuurih
False,-2.5299377,56.964798,161158,76561198164970560,yuurih
False,-2.4200745,57.184875,161159,76561198164970560,yuurih
False,-2.2549438,57.21234,161160,76561198164970560,yuurih
False,-2.2549438,57.21234,161161,76561198164970560,yuurih
False,-2.2549438,57.21234,161162,76561198164970560,yuurih
False,-2.2549438,57.21234,161163,76561198164970560,yuurih
False,-2.2549438,57.21234,161164,76561198164970560,yuurih
False,-2.2549438,57.21234,161165,76561198164970560,yuurih
False,-2.2549438,57.21234,161166,76561198164970560,yuurih
False,-2.2549438,57.21234,161167,76561198164970560,yuurih
False,-2.3098755,57.01973,161168,76561198164970560,yuurih
False,-2.3648071,56.992264,161169,76561198164970560,yuurih
False,-2.4200745,57.21234,161170,76561198164970560,yuurih
False,-2.5299377,57.487335,161171,76561198164970560,yuurih
False,-2.6123352,57.76233,161172,76561198164970560,yuurih
False,-2.7225494,58.03734,161173,76561198164970560,yuurih
False,-2.804947,58.174667,161174,76561198164970560,yuurih
False,-2.8598785,58.257416,161175,76561198164970560,yuurih
False,-2.8873444,58.28488,161176,76561198164970560,yuurih
False,-2.8873444,58.312347,161177,76561198164970560,yuurih
False,-2.9148102,58.394745,161178,76561198164970560,yuurih
False,-2.9700928,58.58734,161179,76561198164970560,yuurih
False,-3.0250244,58.917267,161180,76561198164970560,yuurih
False,-3.079956,59.21974,161181,76561198164970560,yuurih
False,-3.1348877,59.467285,161182,76561198164970560,yuurih
False,-3.1623535,59.769745,161183,76561198164970560,yuurih
False,-3.1898193,59.90741,161184,76561198164970560,yuurih
False,-3.1898193,59.96234,161185,76561198164970560,yuurih
False,-3.2172852,59.96234,161186,76561198164970560,yuurih
False,-3.2172852,59.90741,161187,76561198164970560,yuurih
False,-3.1898193,59.714813,161188,76561198164970560,yuurih
False,-3.0524902,59.054947,161189,76561198164970560,yuurih
False,-2.777481,57.5148,161190,76561198164970560,yuurih
False,-2.2549438,54.214783,161191,76561198164970560,yuurih
False,-1.5397949,48.467224,161192,76561198164970560,yuurih
False,-0.52253723,37.797424,161193,76561198164970560,yuurih
False,0.3577423,26.659698,161194,76561198164970560,yuurih
False,1.3475342,11.452209,161195,76561198164970560,yuurih
False,2.1450806,-5.1028137,161196,76561198164970560,yuurih
False,2.6676178,-19.430359,161197,76561198164970560,yuurih
False,2.8602295,-33.9227,161198,76561198164970560,yuurih
False,2.5852203,-43.90515,161199,76561198164970560,yuurih
False,2.1725464,-51.962585,161200,76561198164970560,yuurih
False,1.9524841,-55.840073,161201,76561198164970560,yuurih
False,1.9524841,-56.555214,161202,76561198164970560,yuurih
False,1.9524841,-56.555214,161203,76561198164970560,yuurih
False,1.9524841,-56.555214,161204,76561198164970560,yuurih
False,1.9524841,-56.555214,161205,76561198164970560,yuurih
False,1.9524841,-56.555214,161206,76561198164970560,yuurih
False,1.9524841,-56.555214,161207,76561198164970560,yuurih
False,1.9524841,-56.555214,161208,76561198164970560,yuurih
False,1.9524841,-56.555214,161209,76561198164970560,yuurih
False,1.9524841,-56.555214,161210,76561198164970560,yuurih
False,1.9524841,-56.555214,161211,76561198164970560,yuurih
False,1.9524841,-56.555214,161212,76561198164970560,yuurih
False,1.9524841,-56.555214,161213,76561198164970560,yuurih
False,1.9524841,-56.555214,161214,76561198164970560,yuurih
False,1.7876892,-56.665077,161215,76561198164970560,yuurih
False,1.1274719,-58.122826,161216,76561198164970560,yuurih
False,0.6049347,-61.202774,161217,76561198164970560,yuurih
False,0.19259644,-65.16266,161218,76561198164970560,yuurih
False,-0.19226074,-68.765144,161219,76561198164970560,yuurih
False,-0.55000305,-72.45037,161220,76561198164970560,yuurih
False,-0.7975464,-74.84264,161221,76561198164970560,yuurih
False,-1.017273,-76.74019,161222,76561198164970560,yuurih
False,-1.1274719,-77.7578,161223,76561198164970560,yuurih
False,-1.1549377,-78.3902,161224,76561198164970560,yuurih
False,-1.1549377,-78.472595,161225,76561198164970560,yuurih
False,-1.1549377,-78.36273,161226,76561198164970560,yuurih
False,-1.1274719,-78.22506,161227,76561198164970560,yuurih
False,-1.0725403,-78.14266,161228,76561198164970560,yuurih
False,-0.9898071,-78.1152,161229,76561198164970560,yuurih
False,-0.9623413,-78.17013,161230,76561198164970560,yuurih
False,-0.9623413,-78.17013,161231,76561198164970560,yuurih
False,-0.9623413,-78.17013,161232,76561198164970560,yuurih
False,-0.9623413,-78.17013,161233,76561198164970560,yuurih
False,-0.9623413,-78.17013,161234,76561198164970560,yuurih
False,-0.9623413,-78.22506,161235,76561198164970560,yuurih
False,-0.9898071,-78.280334,161236,76561198164970560,yuurih
False,-1.017273,-78.3078,161237,76561198164970560,yuurih
False,-1.0450745,-78.335266,161238,76561198164970560,yuurih
False,-1.0450745,-78.36273,161239,76561198164970560,yuurih
False,-1.0450745,-78.36273,161240,76561198164970560,yuurih
False,-1.0450745,-78.3902,161241,76561198164970560,yuurih
False,-1.0450745,-78.41766,161242,76561198164970560,yuurih
False,-1.0450745,-78.44513,161243,76561198164970560,yuurih
False,-1.0450745,-78.555336,161244,76561198164970560,yuurih
False,-1.017273,-78.63773,161245,76561198164970560,yuurih
False,-1.017273,-78.77506,161246,76561198164970560,yuurih
False,-1.017273,-78.912735,161247,76561198164970560,yuurih
False,-1.0450745,-79.050064,161248,76561198164970560,yuurih
False,-1.0725403,-79.16027,161249,76561198164970560,yuurih
False,-1.0725403,-79.18774,161250,76561198164970560,yuurih
False,-1.0725403,-79.2152,161251,76561198164970560,yuurih
False,-1.0725403,-79.24267,161252,76561198164970560,yuurih
False,-1.0725403,-79.24267,161253,76561198164970560,yuurih
False,-1.0725403,-79.24267,161254,76561198164970560,yuurih
False,-1.0725403,-79.270134,161255,76561198164970560,yuurih
False,-1.0725403,-79.43493,161256,76561198164970560,yuurih
False,-1.0725403,-79.682465,161257,76561198164970560,yuurih
False,-1.0725403,-79.87507,161258,76561198164970560,yuurih
False,-1.0725403,-80.09514,161259,76561198164970560,yuurih
False,-1.0725403,-80.25993,161260,76561198164970560,yuurih
False,-1.0450745,-80.37014,161261,76561198164970560,yuurih
False,-1.017273,-80.534935,161262,76561198164970560,yuurih
False,-0.9898071,-80.64514,161263,76561198164970560,yuurih
False,-0.9623413,-80.70007,161264,76561198164970560,yuurih
False,-0.9348755,-80.70007,161265,76561198164970560,yuurih
False,-0.90740967,-80.72754,161266,76561198164970560,yuurih
False,-0.87994385,-80.755005,161267,76561198164970560,yuurih
False,-0.852478,-80.8374,161268,76561198164970560,yuurih
False,-0.77008057,-80.975075,161269,76561198164970560,yuurih
False,-0.65986633,-81.27754,161270,76561198164970560,yuurih
False,-0.55000305,-81.49727,161271,76561198164970560,yuurih
False,-0.43978882,-81.71734,161272,76561198164970560,yuurih
False,-0.2749939,-81.964874,161273,76561198164970560,yuurih
False,-0.08239746,-82.239876,161274,76561198164970560,yuurih
False,0.110198975,-82.51488,161275,76561198164970560,yuurih
False,0.30245972,-82.70748,161276,76561198164970560,yuurih
False,0.52253723,-82.817345,161277,76561198164970560,yuurih
False,0.74261475,-82.89974,161278,76561198164970560,yuurih
False,0.9352112,-82.95467,161279,76561198164970560,yuurih
False,1.1274719,-83.037415,161280,76561198164970560,yuurih
False,1.3200684,-83.17474,161281,76561198164970560,yuurih
False,1.51268,-83.36735,161282,76561198164970560,yuurih
False,1.7049408,-83.50468,161283,76561198164970560,yuurih
False,1.9524841,-83.669815,161284,76561198164970560,yuurih
False,2.1450806,-83.77968,161285,76561198164970560,yuurih
False,2.2824097,-83.889885,161286,76561198164970560,yuurih
False,2.502472,-83.99975,161287,76561198164970560,yuurih
False,2.777481,-84.10961,161288,76561198164970560,yuurih
False,2.9700928,-84.19235,161289,76561198164970560,yuurih
False,3.2176208,-84.27475,161290,76561198164970560,yuurih
False,3.437683,-84.32968,161291,76561198164970560,yuurih
False,3.740158,-84.38461,161292,76561198164970560,yuurih
False,3.9877014,-84.38461,161293,76561198164970560,yuurih
False,3.9877014,-84.35715,161294,76561198164970560,yuurih
False,3.9602356,-84.35715,161295,76561198164970560,yuurih
False,3.9602356,-84.35715,161296,76561198164970560,yuurih
False,3.9602356,-84.35715,161297,76561198164970560,yuurih
False,3.9602356,-84.35715,161298,76561198164970560,yuurih
False,3.9602356,-84.35715,161299,76561198164970560,yuurih
False,3.9602356,-84.35715,161300,76561198164970560,yuurih
False,3.9602356,-84.35715,161301,76561198164970560,yuurih
False,3.9602356,-84.35715,161302,76561198164970560,yuurih
False,3.9602356,-84.35715,161303,76561198164970560,yuurih
False,3.9602356,-84.35715,161304,76561198164970560,yuurih
False,3.9602356,-84.35715,161305,76561198164970560,yuurih
False,3.9602356,-84.35715,161306,76561198164970560,yuurih
False,3.9602356,-84.38461,161307,76561198164970560,yuurih
False,3.9602356,-84.60468,161308,76561198164970560,yuurih
False,4.015167,-84.659615,161309,76561198164970560,yuurih
False,4.0975647,-84.659615,161310,76561198164970560,yuurih
False,4.179962,-84.63215,161311,76561198164970560,yuurih
False,4.207428,-84.63215,161312,76561198164970560,yuurih
False,4.207428,-84.63215,161313,76561198164970560,yuurih
False,4.207428,-84.63215,161314,76561198164970560,yuurih
False,4.179962,-84.68708,161315,76561198164970560,yuurih
False,4.1524963,-84.76948,161316,76561198164970560,yuurih
False,4.1524963,-84.79729,161317,76561198164970560,yuurih
False,4.1524963,-84.82475,161318,76561198164970560,yuurih
False,4.1524963,-84.90715,161319,76561198164970560,yuurih
False,4.1524963,-84.98955,161320,76561198164970560,yuurih
False,4.1524963,-85.01701,161321,76561198164970560,yuurih
False,4.1524963,-85.01701,161322,76561198164970560,yuurih
False,4.1524963,-85.01701,161323,76561198164970560,yuurih
False,4.1524963,-85.01701,161324,76561198164970560,yuurih
False,4.1524963,-85.01701,161325,76561198164970560,yuurih
False,4.1524963,-85.01701,161326,76561198164970560,yuurih
False,4.1524963,-85.26455,161327,76561198164970560,yuurih
False,4.1524963,-85.42969,161328,76561198164970560,yuurih
False,4.1524963,-85.42969,161329,76561198164970560,yuurih
False,4.1524963,-85.42969,161330,76561198164970560,yuurih
False,4.1524963,-85.42969,161331,76561198164970560,yuurih
False,4.1524963,-85.42969,161332,76561198164970560,yuurih
False,4.1524963,-85.42969,161333,76561198164970560,yuurih
False,4.1524963,-85.42969,161334,76561198164970560,yuurih
False,4.1524963,-85.42969,161335,76561198164970560,yuurih
False,4.1524963,-85.42969,161336,76561198164970560,yuurih
False,4.1250305,-85.42969,161337,76561198164970560,yuurih
False,4.1250305,-85.42969,161338,76561198164970560,yuurih
False,4.1250305,-85.42969,161339,76561198164970560,yuurih
False,4.0975647,-85.42969,161340,76561198164970560,yuurih
False,4.070099,-85.40222,161341,76561198164970560,yuurih
False,4.042633,-85.34695,161342,76561198164970560,yuurih
False,3.9877014,-85.292015,161343,76561198164970560,yuurih
False,3.9324188,-85.18215,161344,76561198164970560,yuurih
False,3.8774872,-85.099754,161345,76561198164970560,yuurih
False,3.8500214,-85.099754,161346,76561198164970560,yuurih
False,3.8225555,-85.099754,161347,76561198164970560,yuurih
False,3.7950897,-85.099754,161348,76561198164970560,yuurih
False,3.7126923,-85.04448,161349,76561198164970560,yuurih
False,3.5750122,-84.98955,161350,76561198164970560,yuurih
False,3.437683,-84.934616,161351,76561198164970560,yuurih
False,3.35495,-84.879684,161352,76561198164970560,yuurih
False,3.2450867,-84.79729,161353,76561198164970560,yuurih
False,3.079956,-84.71455,161354,76561198164970560,yuurih
False,2.9151611,-84.60468,161355,76561198164970560,yuurih
False,2.7225494,-84.41208,161356,76561198164970560,yuurih
False,2.475006,-84.19235,161357,76561198164970560,yuurih
False,2.1725464,-83.94482,161358,76561198164970560,yuurih
False,1.8700867,-83.669815,161359,76561198164970560,yuurih
False,1.4024658,-83.36735,161360,76561198164970560,yuurih
False,0.852478,-82.89974,161361,76561198164970560,yuurih
False,-0.08239746,-82.04727,161362,76561198164970560,yuurih
False,-1.1824036,-80.97473,161363,76561198164970560,yuurih
False,-2.475006,-79.57226,161364,76561198164970560,yuurih
False,-3.9873505,-77.757454,161365,76561198164970560,yuurih
False,-5.582428,-75.7497,161366,76561198164970560,yuurih
False,-7.534912,-73.41236,161367,76561198164970560,yuurih
False,-9.075043,-71.76235,161368,76561198164970560,yuurih
False,-10.83493,-70.27714,161369,76561198164970560,yuurih
False,-12.292328,-69.06727,161370,76561198164970560,yuurih
False,-13.475067,-68.104935,161371,76561198164970560,yuurih
False,-14.684937,-67.087326,161372,76561198164970560,yuurih
False,-15.317352,-66.454926,161373,76561198164970560,yuurih
False,-15.784943,-65.98732,161374,76561198164970560,yuurih
False,-15.894806,-65.84965,161375,76561198164970560,yuurih
False,-15.894806,-65.84965,161376,76561198164970560,yuurih
False,-15.730011,-65.82218,161377,76561198164970560,yuurih
False,-15.234955,-65.959854,161378,76561198164970560,yuurih
False,-14.437408,-66.39965,161379,76561198164970560,yuurih
False,-13.447266,-67.087326,161380,76561198164970560,yuurih
False,-12.264862,-68.1324,161381,76561198164970560,yuurih
False,-10.752533,-69.727135,161382,76561198164970560,yuurih
False,-9.047577,-71.872215,161383,76561198164970560,yuurih
False,-6.984894,-74.40216,161384,76561198164970560,yuurih
False,-5.2525024,-76.27224,161385,76561198164970560,yuurih
False,-3.2172852,-78.36239,161386,76561198164970560,yuurih
False,-1.677475,-79.92966,161387,76561198164970560,yuurih
False,-0.1373291,-81.49727,161388,76561198164970560,yuurih
False,0.852478,-82.48741,161389,76561198164970560,yuurih
False,1.9524841,-83.42228,161390,76561198164970560,yuurih
False,2.6676178,-83.94482,161391,76561198164970560,yuurih
False,3.3824158,-84.49482,161392,76561198164970560,yuurih
False,3.8774872,-84.96208,161393,76561198164970560,yuurih
False,4.290161,-85.374756,161394,76561198164970560,yuurih
False,4.592621,-85.70469,161395,76561198164970560,yuurih
False,4.757416,-85.86983,161396,76561198164970560,yuurih
False,4.840164,-85.89729,161397,76561198164970560,yuurih
False,4.895096,-85.89729,161398,76561198164970560,yuurih
False,4.895096,-85.89729,161399,76561198164970560,yuurih
False,4.9225616,-85.89729,161400,76561198164970560,yuurih
False,4.9225616,-85.89729,161401,76561198164970560,yuurih
False,4.9225616,-85.89729,161402,76561198164970560,yuurih
False,4.9225616,-85.92476,161403,76561198164970560,yuurih
False,4.9225616,-85.952225,161404,76561198164970560,yuurih
False,4.9225616,-85.952225,161405,76561198164970560,yuurih
False,4.9225616,-85.952225,161406,76561198164970560,yuurih
False,4.9225616,-85.952225,161407,76561198164970560,yuurih
False,4.9225616,-85.97969,161408,76561198164970560,yuurih
False,4.895096,-85.97969,161409,76561198164970560,yuurih
False,4.895096,-85.97969,161410,76561198164970560,yuurih
False,4.895096,-85.97969,161411,76561198164970560,yuurih
False,4.86763,-85.97969,161412,76561198164970560,yuurih
False,4.86763,-85.97969,161413,76561198164970560,yuurih
False,4.840164,-85.97969,161414,76561198164970560,yuurih
False,4.7852325,-86.00716,161415,76561198164970560,yuurih
False,4.757416,-86.00716,161416,76561198164970560,yuurih
False,4.6750183,-86.00716,161417,76561198164970560,yuurih
False,4.592621,-86.03462,161418,76561198164970560,yuurih
False,4.5102234,-86.03462,161419,76561198164970560,yuurih
False,4.4000244,-86.03462,161420,76561198164970560,yuurih
False,4.317627,-85.952225,161421,76561198164970560,yuurih
False,4.2352295,-85.89729,161422,76561198164970560,yuurih
False,4.1524963,-85.84236,161423,76561198164970560,yuurih
False,4.0975647,-85.81455,161424,76561198164970560,yuurih
False,4.070099,-85.81455,161425,76561198164970560,yuurih
False,4.042633,-85.81455,161426,76561198164970560,yuurih
False,4.015167,-85.78709,161427,76561198164970560,yuurih
False,4.015167,-85.78709,161428,76561198164970560,yuurih
False,4.015167,-85.78709,161429,76561198164970560,yuurih
False,4.015167,-85.78709,161430,76561198164970560,yuurih
False,4.015167,-85.78709,161431,76561198164970560,yuurih
False,4.015167,-85.78709,161432,76561198164970560,yuurih
False,4.015167,-85.78709,161433,76561198164970560,yuurih
False,4.015167,-85.78709,161434,76561198164970560,yuurih
False,4.015167,-85.78709,161435,76561198164970560,yuurih
False,4.015167,-85.78709,161436,76561198164970560,yuurih
False,4.015167,-85.78709,161437,76561198164970560,yuurih
False,4.015167,-85.78709,161438,76561198164970560,yuurih
False,4.015167,-85.78709,161439,76561198164970560,yuurih
False,4.015167,-85.78709,161440,76561198164970560,yuurih
False,4.015167,-85.78709,161441,76561198164970560,yuurih
False,4.015167,-85.78709,161442,76561198164970560,yuurih
False,4.015167,-85.78709,161443,76561198164970560,yuurih
False,3.9877014,-85.78709,161444,76561198164970560,yuurih
False,3.9602356,-85.75962,161445,76561198164970560,yuurih
False,3.9324188,-85.75962,161446,76561198164970560,yuurih
False,3.9324188,-85.75962,161447,76561198164970560,yuurih
False,3.9324188,-85.75962,161448,76561198164970560,yuurih
False,3.9324188,-85.75962,161449,76561198164970560,yuurih
False,3.9324188,-85.75962,161450,76561198164970560,yuurih
False,3.9324188,-85.75962,161451,76561198164970560,yuurih
False,3.9324188,-85.75962,161452,76561198164970560,yuurih
False,3.9324188,-85.75962,161453,76561198164970560,yuurih
False,3.9324188,-85.75962,161454,76561198164970560,yuurih
False,3.9324188,-85.75962,161455,76561198164970560,yuurih
False,3.9324188,-85.732155,161456,76561198164970560,yuurih
False,3.9324188,-85.732155,161457,76561198164970560,yuurih
False,3.904953,-85.70469,161458,76561198164970560,yuurih
False,3.904953,-85.70469,161459,76561198164970560,yuurih
False,3.904953,-85.70469,161460,76561198164970560,yuurih
False,3.904953,-85.70469,161461,76561198164970560,yuurih
False,3.904953,-85.70469,161462,76561198164970560,yuurih
False,3.904953,-85.70469,161463,76561198164970560,yuurih
False,3.904953,-85.70469,161464,76561198164970560,yuurih
False,3.8774872,-85.70469,161465,76561198164970560,yuurih
False,3.8774872,-85.70469,161466,76561198164970560,yuurih
False,3.8500214,-85.70469,161467,76561198164970560,yuurih
False,3.8500214,-85.67722,161468,76561198164970560,yuurih
False,3.8225555,-85.64976,161469,76561198164970560,yuurih
False,3.767624,-85.62229,161470,76561198164970560,yuurih
False,3.740158,-85.594826,161471,76561198164970560,yuurih
False,3.6852264,-85.56736,161472,76561198164970560,yuurih
False,3.6574097,-85.539894,161473,76561198164970560,yuurih
False,3.602478,-85.45715,161474,76561198164970560,yuurih
False,3.5200806,-85.319824,161475,76561198164970560,yuurih
False,3.465149,-85.18215,161476,76561198164970560,yuurih
False,3.4102173,-85.04482,161477,76561198164970560,yuurih
False,3.35495,-84.90749,161478,76561198164970560,yuurih
False,3.3274841,-84.79729,161479,76561198164970560,yuurih
False,3.3000183,-84.742355,161480,76561198164970560,yuurih
False,3.2725525,-84.65996,161481,76561198164970560,yuurih
False,3.2450867,-84.54975,161482,76561198164970560,yuurih
False,3.2450867,-84.41242,161483,76561198164970560,yuurih
False,3.2176208,-84.35749,161484,76561198164970560,yuurih
False,3.2176208,-84.330025,161485,76561198164970560,yuurih
False,3.2176208,-84.330025,161486,76561198164970560,yuurih
False,3.2176208,-84.330025,161487,76561198164970560,yuurih
False,3.190155,-84.330025,161488,76561198164970560,yuurih
False,3.190155,-84.330025,161489,76561198164970560,yuurih
False,3.190155,-84.330025,161490,76561198164970560,yuurih
False,3.1626892,-84.330025,161491,76561198164970560,yuurih
False,3.1352234,-84.330025,161492,76561198164970560,yuurih
False,3.1074219,-84.330025,161493,76561198164970560,yuurih
False,3.1074219,-84.35749,161494,76561198164970560,yuurih
False,3.1074219,-84.35749,161495,76561198164970560,yuurih
False,3.1074219,-84.35749,161496,76561198164970560,yuurih
False,3.1074219,-84.35749,161497,76561198164970560,yuurih
False,3.1074219,-84.35749,161498,76561198164970560,yuurih
False,3.1074219,-84.35749,161499,76561198164970560,yuurih
False,3.1074219,-84.35749,161500,76561198164970560,yuurih
False,3.079956,-84.35749,161501,76561198164970560,yuurih
False,3.079956,-84.35749,161502,76561198164970560,yuurih
False,3.0250244,-84.35749,161503,76561198164970560,yuurih
False,2.9975586,-84.38496,161504,76561198164970560,yuurih
False,2.9700928,-84.38496,161505,76561198164970560,yuurih
False,2.942627,-84.38496,161506,76561198164970560,yuurih
False,2.9151611,-84.38496,161507,76561198164970560,yuurih
False,2.9151611,-84.38496,161508,76561198164970560,yuurih
False,2.8876953,-84.38496,161509,76561198164970560,yuurih
False,2.8876953,-84.41242,161510,76561198164970560,yuurih
False,2.8602295,-84.41242,161511,76561198164970560,yuurih
False,2.8602295,-84.43989,161512,76561198164970560,yuurih
False,2.8602295,-84.43989,161513,76561198164970560,yuurih
False,2.8324127,-84.467354,161514,76561198164970560,yuurih
False,2.804947,-84.467354,161515,76561198164970560,yuurih
False,2.7500153,-84.49482,161516,76561198164970560,yuurih
False,2.6950836,-84.54975,161517,76561198164970560,yuurih
False,2.640152,-84.63249,161518,76561198164970560,yuurih
False,2.5574036,-84.68742,161519,76561198164970560,yuurih
False,2.502472,-84.71489,161520,76561198164970560,yuurih
False,2.4475403,-84.71489,161521,76561198164970560,yuurih
False,2.4200745,-84.71489,161522,76561198164970560,yuurih
False,2.3926086,-84.71489,161523,76561198164970560,yuurih
False,2.3926086,-84.71489,161524,76561198164970560,yuurih
False,2.3926086,-84.71489,161525,76561198164970560,yuurih
False,2.3926086,-84.71489,161526,76561198164970560,yuurih
False,2.3926086,-84.71489,161527,76561198164970560,yuurih
False,2.3926086,-84.71489,161528,76561198164970560,yuurih
False,2.3926086,-84.71489,161529,76561198164970560,yuurih
False,2.3926086,-84.71489,161530,76561198164970560,yuurih
False,2.3926086,-84.71489,161531,76561198164970560,yuurih
False,2.3926086,-84.71489,161532,76561198164970560,yuurih
False,2.3926086,-84.71489,161533,76561198164970560,yuurih
False,2.3651428,-84.742355,161534,76561198164970560,yuurih
False,2.3651428,-84.742355,161535,76561198164970560,yuurih
False,2.337677,-84.76982,161536,76561198164970560,yuurih
False,2.3102112,-84.79729,161537,76561198164970560,yuurih
False,2.3102112,-84.79729,161538,76561198164970560,yuurih
False,2.3102112,-84.79729,161539,76561198164970560,yuurih
False,2.3102112,-84.79729,161540,76561198164970560,yuurih
False,2.2824097,-84.82475,161541,76561198164970560,yuurih
False,2.2824097,-84.85222,161542,76561198164970560,yuurih
False,2.2824097,-84.85222,161543,76561198164970560,yuurih
False,2.2824097,-84.85222,161544,76561198164970560,yuurih
False,2.2549438,-84.85222,161545,76561198164970560,yuurih
False,2.2549438,-84.85222,161546,76561198164970560,yuurih
False,2.2549438,-84.85222,161547,76561198164970560,yuurih
False,2.2549438,-84.85222,161548,76561198164970560,yuurih
False,2.2549438,-84.85222,161549,76561198164970560,yuurih
False,2.2549438,-84.85222,161550,76561198164970560,yuurih
False,2.2549438,-84.85222,161551,76561198164970560,yuurih
False,2.2549438,-84.85222,161552,76561198164970560,yuurih
False,2.2549438,-84.85222,161553,76561198164970560,yuurih
False,2.2549438,-84.85222,161554,76561198164970560,yuurih
False,2.2549438,-84.79729,161555,76561198164970560,yuurih
False,2.3102112,-84.742355,161556,76561198164970560,yuurih
False,2.3102112,-84.742355,161557,76561198164970560,yuurih
False,2.3651428,-84.71489,161558,76561198164970560,yuurih
False,2.5574036,-84.65996,161559,76561198164970560,yuurih
False,2.777481,-84.65996,161560,76561198164970560,yuurih
False,3.0250244,-84.76982,161561,76561198164970560,yuurih
False,3.2725525,-84.79729,161562,76561198164970560,yuurih
False,3.465149,-84.76982,161563,76561198164970560,yuurih
False,3.6299438,-84.63249,161564,76561198164970560,yuurih
False,3.6852264,-84.54975,161565,76561198164970560,yuurih
False,3.7126923,-84.54975,161566,76561198164970560,yuurih
False,3.7126923,-84.54975,161567,76561198164970560,yuurih
False,3.7126923,-84.522285,161568,76561198164970560,yuurih
False,3.6574097,-84.467354,161569,76561198164970560,yuurih
False,3.6574097,-84.43989,161570,76561198164970560,yuurih
False,3.6574097,-84.41242,161571,76561198164970560,yuurih
False,3.6299438,-84.41242,161572,76561198164970560,yuurih
False,3.6299438,-84.41242,161573,76561198164970560,yuurih
False,3.602478,-84.41242,161574,76561198164970560,yuurih
False,3.5750122,-84.41242,161575,76561198164970560,yuurih
False,3.5200806,-84.41242,161576,76561198164970560,yuurih
False,3.4926147,-84.41242,161577,76561198164970560,yuurih
False,3.4926147,-84.43989,161578,76561198164970560,yuurih
False,3.4926147,-84.43989,161579,76561198164970560,yuurih
False,3.465149,-84.467354,161580,76561198164970560,yuurih
False,3.465149,-84.467354,161581,76561198164970560,yuurih
False,3.465149,-84.467354,161582,76561198164970560,yuurih
False,3.465149,-84.49482,161583,76561198164970560,yuurih
False,3.437683,-84.49482,161584,76561198164970560,yuurih
False,3.437683,-84.522285,161585,76561198164970560,yuurih
False,3.437683,-84.522285,161586,76561198164970560,yuurih
False,3.437683,-84.522285,161587,76561198164970560,yuurih
False,3.437683,-84.54975,161588,76561198164970560,yuurih
False,3.437683,-84.54975,161589,76561198164970560,yuurih
False,3.4102173,-84.57722,161590,76561198164970560,yuurih
False,3.4102173,-84.60503,161591,76561198164970560,yuurih
False,3.4102173,-84.60503,161592,76561198164970560,yuurih
False,3.4102173,-84.60503,161593,76561198164970560,yuurih
False,3.4102173,-84.60503,161594,76561198164970560,yuurih
False,3.4102173,-84.60503,161595,76561198164970560,yuurih
False,3.4102173,-84.60503,161596,76561198164970560,yuurih
False,3.3824158,-84.60503,161597,76561198164970560,yuurih
False,3.3824158,-84.60503,161598,76561198164970560,yuurih
False,3.3824158,-84.60503,161599,76561198164970560,yuurih
False,3.35495,-84.57722,161600,76561198164970560,yuurih
False,3.3274841,-84.54975,161601,76561198164970560,yuurih
False,3.3274841,-84.54975,161602,76561198164970560,yuurih
False,3.3274841,-84.54975,161603,76561198164970560,yuurih
False,3.3000183,-84.54975,161604,76561198164970560,yuurih
False,3.3000183,-84.54975,161605,76561198164970560,yuurih
False,3.3000183,-84.54975,161606,76561198164970560,yuurih
False,3.3000183,-84.54975,161607,76561198164970560,yuurih
False,3.3000183,-84.54975,161608,76561198164970560,yuurih
False,3.3000183,-84.54975,161609,76561198164970560,yuurih
False,3.3000183,-84.54975,161610,76561198164970560,yuurih
False,3.3000183,-84.54975,161611,76561198164970560,yuurih
False,3.3000183,-84.54975,161612,76561198164970560,yuurih
False,3.3000183,-84.54975,161613,76561198164970560,yuurih
False,3.3000183,-84.54975,161614,76561198164970560,yuurih
False,3.2725525,-84.54975,161615,76561198164970560,yuurih
False,3.2450867,-84.54975,161616,76561198164970560,yuurih
False,3.2176208,-84.54975,161617,76561198164970560,yuurih
False,3.2176208,-84.57722,161618,76561198164970560,yuurih
False,3.2176208,-84.57722,161619,76561198164970560,yuurih
False,3.2176208,-84.57722,161620,76561198164970560,yuurih
False,3.2176208,-84.57722,161621,76561198164970560,yuurih
False,3.2176208,-84.57722,161622,76561198164970560,yuurih
False,3.2176208,-84.57722,161623,76561198164970560,yuurih
False,3.190155,-84.57722,161624,76561198164970560,yuurih
False,3.190155,-84.60503,161625,76561198164970560,yuurih
False,3.190155,-84.60503,161626,76561198164970560,yuurih
False,3.190155,-84.60503,161627,76561198164970560,yuurih
False,3.190155,-84.60503,161628,76561198164970560,yuurih
False,3.190155,-84.60503,161629,76561198164970560,yuurih
False,3.190155,-84.60503,161630,76561198164970560,yuurih
False,3.190155,-84.60503,161631,76561198164970560,yuurih
False,3.190155,-84.60503,161632,76561198164970560,yuurih
False,3.190155,-84.60503,161633,76561198164970560,yuurih
False,3.190155,-84.60503,161634,76561198164970560,yuurih
False,3.190155,-84.60503,161635,76561198164970560,yuurih
False,3.190155,-84.60503,161636,76561198164970560,yuurih
False,3.190155,-84.60503,161637,76561198164970560,yuurih
False,3.190155,-84.60503,161638,76561198164970560,yuurih
False,3.190155,-84.60503,161639,76561198164970560,yuurih
False,3.190155,-84.60503,161640,76561198164970560,yuurih
False,3.190155,-84.60503,161641,76561198164970560,yuurih
False,3.190155,-84.60503,161642,76561198164970560,yuurih
False,3.190155,-84.60503,161643,76561198164970560,yuurih
False,3.1626892,-84.60503,161644,76561198164970560,yuurih
False,3.1626892,-84.60503,161645,76561198164970560,yuurih
False,3.1626892,-84.60503,161646,76561198164970560,yuurih
False,3.1626892,-84.60503,161647,76561198164970560,yuurih
False,3.1626892,-84.60503,161648,76561198164970560,yuurih
False,3.2176208,-84.65996,161649,76561198164970560,yuurih
False,3.4102173,-84.93496,161650,76561198164970560,yuurih
False,3.8500214,-85.84236,161651,76561198164970560,yuurih
False,4.9225616,-88.61984,161652,76561198164970560,yuurih
False,6.4627075,-92.744865,161653,76561198164970560,yuurih
False,9.129974,-100.27977,161654,76561198164970560,yuurih
False,12.265198,-109.602356,161655,76561198164970560,yuurih
False,15.455017,-118.7598,161656,76561198164970560,yuurih
False,19.35997,-129.81479,161657,76561198164970560,yuurih
False,23.402588,-141.58493,161658,76561198164970560,yuurih
False,27.005081,-152.52972,161659,76561198164970560,yuurih
False,30.112488,-162.9523,161660,76561198164970560,yuurih
False,33.38504,-174.61224,161661,76561198164970560,yuurih
False,35.557587,177.00006,161662,76561198164970560,yuurih
False,37.015,171.55493,161663,76561198164970560,yuurih
False,38.66501,165.8352,161664,76561198164970560,yuurih
False,40.012543,161.82004,161665,76561198164970560,yuurih
False,41.002686,159.26263,161666,76561198164970560,yuurih
False,41.800232,157.55768,161667,76561198164970560,yuurih
False,42.32277,156.62247,161668,76561198164970560,yuurih
False,42.625244,156.37527,161669,76561198164970560,yuurih
False,42.762573,156.40274,161670,76561198164970560,yuurih
False,42.900238,156.5126,161671,76561198164970560,yuurih
False,43.0101,156.56754,161672,76561198164970560,yuurih
False,43.0925,156.62247,161673,76561198164970560,yuurih
False,43.119965,156.6774,161674,76561198164970560,yuurih
False,43.14743,156.7052,161675,76561198164970560,yuurih
False,43.202698,156.76013,161676,76561198164970560,yuurih
False,43.31256,156.89746,161677,76561198164970560,yuurih
False,43.505173,157.31015,161678,76561198164970560,yuurih
False,43.697433,157.97,161679,76561198164970560,yuurih
False,43.97278,159.12494,161680,76561198164970560,yuurih
False,44.16504,160.36261,161681,76561198164970560,yuurih
False,44.275238,161.95737,161682,76561198164970560,yuurih
False,44.33017,163.35983,161683,76561198164970560,yuurih
False,44.412567,165.0373,161684,76561198164970560,yuurih
False,44.4675,166.30246,161685,76561198164970560,yuurih
False,44.577713,167.5676,161686,76561198164970560,yuurih
False,44.66011,168.5574,161687,76561198164970560,yuurih
False,44.687576,169.24506,161688,76561198164970560,yuurih
False,44.742508,169.60248,161689,76561198164970560,yuurih
False,44.769974,169.7398,161690,76561198164970560,yuurih
False,44.79744,169.76727,161691,76561198164970560,yuurih
False,44.79744,169.76727,161692,76561198164970560,yuurih
False,44.880188,169.76727,161693,76561198164970560,yuurih
False,44.99005,169.76727,161694,76561198164970560,yuurih
False,45.10025,169.76727,161695,76561198164970560,yuurih
False,45.182648,169.8222,161696,76561198164970560,yuurih
False,45.23758,169.90494,161697,76561198164970560,yuurih
False,45.265045,169.98734,161698,76561198164970560,yuurih
False,45.29251,170.06973,161699,76561198164970560,yuurih
False,45.29251,170.0972,161700,76561198164970560,yuurih
False,45.29251,170.0972,161701,76561198164970560,yuurih
False,45.29251,170.12466,161702,76561198164970560,yuurih
False,45.23758,170.2898,161703,76561198164970560,yuurih
False,45.10025,170.61975,161704,76561198164970560,yuurih
False,44.825256,171.41727,161705,76561198164970560,yuurih
False,44.440033,172.73737,161706,76561198164970560,yuurih
False,43.890045,174.60742,161707,76561198164970560,yuurih
False,43.340027,176.8349,161708,76561198164970560,yuurih
False,42.70764,179.66733,161709,76561198164970560,yuurih
False,41.800232,-176.29005,161710,76561198164970560,yuurih
False,40.892487,-172.52277,161711,76561198164970560,yuurih
False,39.90268,-168.42522,161712,76561198164970560,yuurih
False,38.555145,-163.09033,161713,76561198164970560,yuurih
False,37.20761,-157.6727,161714,76561198164970560,yuurih
False,36.052673,-152.94273,161715,76561198164970560,yuurih
False,34.705124,-147.4427,161716,76561198164970560,yuurih
False,33.412506,-142.24515,161717,76561198164970560,yuurih
False,32.092438,-136.91025,161718,76561198164970560,yuurih
False,30.469894,-130.55774,161719,76561198164970560,yuurih
False,29.012482,-124.81018,161720,76561198164970560,yuurih
False,27.41742,-118.54008,161721,76561198164970560,yuurih
False,26.042404,-113.39779,161722,76561198164970560,yuurih
False,24.557526,-108.47523,161723,76561198164970560,yuurih
False,23.347656,-105.09281,161724,76561198164970560,yuurih
False,22.000122,-101.95759,161725,76561198164970560,yuurih
False,20.762451,-99.45511,161726,76561198164970560,yuurih
False,19.80011,-97.66777,161727,76561198164970560,yuurih
False,18.837433,-96.10016,161728,76561198164970560,yuurih
False,18.28743,-95.35755,161729,76561198164970560,yuurih
False,17.82016,-94.917755,161730,76561198164970560,yuurih
False,17.489899,-94.697685,161731,76561198164970560,yuurih
False,17.270172,-94.58782,161732,76561198164970560,yuurih
False,16.995163,-94.39522,161733,76561198164970560,yuurih
False,16.692688,-94.12022,161734,76561198164970560,yuurih
False,16.44516,-93.92761,161735,76561198164970560,yuurih
False,16.1427,-93.68042,161736,76561198164970560,yuurih
False,15.730011,-93.32268,161737,76561198164970560,yuurih
False,15.262421,-92.88288,161738,76561198164970560,yuurih
False,14.520142,-92.05788,161739,76561198164970560,yuurih
False,13.529999,-90.847664,161740,76561198164970560,yuurih
False,12.622604,-89.5554,161741,76561198164970560,yuurih
False,11.550064,-88.15292,161742,76561198164970560,yuurih
False,10.559921,-86.83285,161743,76561198164970560,yuurih
False,9.377518,-85.210304,161744,76561198164970560,yuurih
False,8.057434,-83.28529,161745,76561198164970560,yuurih
False,6.929962,-81.52542,161746,76561198164970560,yuurih
False,5.5274963,-79.270134,161747,76561198164970560,yuurih
False,4.2626953,-77.207794,161748,76561198164970560,yuurih
False,3.35495,-75.72292,161749,76561198164970560,yuurih
False,2.3651428,-74.18278,161750,76561198164970560,yuurih
False,1.51268,-72.67044,161751,76561198164970560,yuurih
False,0.90740967,-71.3229,161752,76561198164970560,yuurih
False,0.52253723,-70.08522,161753,76561198164970560,yuurih
False,0.6876831,-69.645424,161754,76561198164970560,yuurih
False,0.7151489,-69.61796,161755,76561198164970560,yuurih
False,0.7151489,-69.61796,161756,76561198164970560,yuurih
False,0.7151489,-69.61796,161757,76561198164970560,yuurih
False,0.7151489,-69.61796,161758,76561198164970560,yuurih
False,0.7151489,-69.61796,161759,76561198164970560,yuurih
False,0.7151489,-69.61796,161760,76561198164970560,yuurih
False,0.7151489,-69.61796,161761,76561198164970560,yuurih
False,0.7151489,-69.61796,161762,76561198164970560,yuurih
False,0.7151489,-69.61796,161763,76561198164970560,yuurih
False,0.7151489,-69.61796,161764,76561198164970560,yuurih
False,0.7151489,-69.61796,161765,76561198164970560,yuurih
False,0.7151489,-69.61796,161766,76561198164970560,yuurih
False,0.7151489,-69.61796,161767,76561198164970560,yuurih
False,0.7151489,-69.61796,161768,76561198164970560,yuurih
False,0.52253723,-69.425354,161769,76561198164970560,yuurih
False,-0.43978882,-68.215485,161770,76561198164970560,yuurih
False,-2.3098755,-65.410194,161771,76561198164970560,yuurih
False,-4.345093,-62.16545,161772,76561198164970560,yuurih
False,-7.0123596,-57.902756,161773,76561198164970560,yuurih
False,-9.239838,-54.630203,161774,76561198164970560,yuurih
False,-11.962402,-51.57773,161775,76561198164970560,yuurih
False,-14.409943,-49.432983,161776,76561198164970560,yuurih
False,-16.802551,-47.782974,161777,76561198164970560,yuurih
False,-18.644836,-46.79283,161778,76561198164970560,yuurih
False,-20.43251,-46.132965,161779,76561198164970560,yuurih
False,-21.587448,-45.885437,161780,76561198164970560,yuurih
False,-22.494843,-45.94037,161781,76561198164970560,yuurih
False,-22.742386,-46.1055,161782,76561198164970560,yuurih
False,-22.769852,-46.29776,161783,76561198164970560,yuurih
False,-22.467377,-46.627686,161784,76561198164970560,yuurih
False,-22.055054,-46.985443,161785,76561198164970560,yuurih
False,-21.532516,-47.31537,161786,76561198164970560,yuurih
False,-20.844849,-47.562897,161787,76561198164970560,yuurih
False,-20.157501,-47.837906,161788,76561198164970560,yuurih
False,-19.469833,-48.030167,161789,76561198164970560,yuurih
False,-18.589905,-48.22278,161790,76561198164970560,yuurih
False,-17.70996,-48.27771,161791,76561198164970560,yuurih
False,-16.802551,-48.27771,161792,76561198164970560,yuurih
False,-15.9500885,-48.08545,161793,76561198164970560,yuurih
False,-15.262421,-47.86537,161794,76561198164970560,yuurih
False,-14.547272,-47.507965,161795,76561198164970560,yuurih
False,-13.914871,-47.06784,161796,76561198164970560,yuurih
False,-13.337402,-46.572754,161797,76561198164970560,yuurih
False,-12.897263,-46.187897,161798,76561198164970560,yuurih
False,-12.429993,-45.775223,161799,76561198164970560,yuurih
False,-12.0448,-45.417816,161800,76561198164970560,yuurih
False,-11.825073,-45.22522,161801,76561198164970560,yuurih
False,-11.632462,-45.060425,161802,76561198164970560,yuurih
False,-11.550064,-45.005493,161803,76561198164970560,yuurih
False,-11.522247,-44.950226,161804,76561198164970560,yuurih
False,-11.522247,-44.950226,161805,76561198164970560,yuurih
False,-11.522247,-44.895294,161806,76561198164970560,yuurih
False,-11.522247,-44.895294,161807,76561198164970560,yuurih
False,-11.522247,-44.895294,161808,76561198164970560,yuurih
False,-11.522247,-44.895294,161809,76561198164970560,yuurih
False,-11.522247,-44.895294,161810,76561198164970560,yuurih
False,-11.4947815,-44.840363,161811,76561198164970560,yuurih
False,-11.4947815,-44.73015,161812,76561198164970560,yuurih
False,-11.4947815,-44.64775,161813,76561198164970560,yuurih
False,-11.4947815,-44.59282,161814,76561198164970560,yuurih
False,-11.4947815,-44.59282,161815,76561198164970560,yuurih
False,-11.467316,-44.537888,161816,76561198164970560,yuurih
False,-11.43985,-44.45549,161817,76561198164970560,yuurih
False,-11.329987,-44.400208,161818,76561198164970560,yuurih
False,-11.192322,-44.400208,161819,76561198164970560,yuurih
False,-10.944794,-44.400208,161820,76561198164970560,yuurih
False,-10.69725,-44.45549,161821,76561198164970560,yuurih
False,-10.339844,-44.620285,161822,76561198164970560,yuurih
False,-9.927521,-44.812897,161823,76561198164970560,yuurih
False,-9.459915,-45.03296,161824,76561198164970560,yuurih
False,-9.102509,-45.170288,161825,76561198164970560,yuurih
False,-8.68985,-45.197754,161826,76561198164970560,yuurih
False,-8.332443,-45.170288,161827,76561198164970560,yuurih
False,-8.057434,-45.115356,161828,76561198164970560,yuurih
False,-7.672577,-45.005493,161829,76561198164970560,yuurih
False,-7.397232,-44.97769,161830,76561198164970560,yuurih
False,-7.094757,-44.97769,161831,76561198164970560,yuurih
False,-6.8475647,-44.895294,161832,76561198164970560,yuurih
False,-6.682434,-44.812897,161833,76561198164970560,yuurih
False,-6.5447693,-44.64775,161834,76561198164970560,yuurih
False,-6.40744,-44.400208,161835,76561198164970560,yuurih
False,-6.3250427,-44.207947,161836,76561198164970560,yuurih
False,-6.297577,-44.15268,161837,76561198164970560,yuurih
False,-6.26976,-44.15268,161838,76561198164970560,yuurih
False,-6.26976,-44.235413,161839,76561198164970560,yuurih
False,-6.26976,-44.400208,161840,76561198164970560,yuurih
False,-6.26976,-44.400208,161841,76561198164970560,yuurih
False,-6.26976,-44.400208,161842,76561198164970560,yuurih
False,-6.26976,-44.400208,161843,76561198164970560,yuurih
False,-6.26976,-44.37274,161844,76561198164970560,yuurih
False,-6.297577,-44.31781,161845,76561198164970560,yuurih
False,-6.297577,-44.31781,161846,76561198164970560,yuurih
False,-6.297577,-44.31781,161847,76561198164970560,yuurih
False,-6.3250427,-44.31781,161848,76561198164970560,yuurih
False,-6.3250427,-44.31781,161849,76561198164970560,yuurih
False,-6.3250427,-44.290344,161850,76561198164970560,yuurih
False,-6.3250427,-44.15268,161851,76561198164970560,yuurih
False,-6.297577,-43.932953,161852,76561198164970560,yuurih
False,-6.2422943,-43.602676,161853,76561198164970560,yuurih
False,-6.159897,-43.025208,161854,76561198164970560,yuurih
False,-6.104965,-42.145264,161855,76561198164970560,yuurih
False,-6.0774994,-40.715332,161856,76561198164970560,yuurih
False,-6.104965,-38.900177,161857,76561198164970560,yuurih
False,-6.2148285,-37.387848,161858,76561198164970560,yuurih
False,-6.3250427,-35.627625,161859,76561198164970560,yuurih
False,-6.434906,-34.115295,161860,76561198164970560,yuurih
False,-6.6000366,-32.877625,161861,76561198164970560,yuurih
False,-6.7922974,-32.052612,161862,76561198164970560,yuurih
False,-7.0123596,-31.337814,161863,76561198164970560,yuurih
False,-7.122574,-31.03534,161864,76561198164970560,yuurih
False,-7.562378,-29.907867,161865,76561198164970560,yuurih
False,-7.78244,-29.522675,161866,76561198164970560,yuurih
False,-7.947235,-29.35788,161867,76561198164970560,yuurih
False,-8.029968,-29.330414,161868,76561198164970560,yuurih
False,-8.029968,-29.330414,161869,76561198164970560,yuurih
False,-8.029968,-29.330414,161870,76561198164970560,yuurih
False,-8.002502,-29.192734,161871,76561198164970560,yuurih
False,-7.8923035,-28.697662,161872,76561198164970560,yuurih
False,-7.7275085,-27.37793,161873,76561198164970560,yuurih
False,-7.6447754,-25.755386,161874,76561198164970560,yuurih
False,-7.5898438,-22.922638,161875,76561198164970560,yuurih
False,-7.562378,-18.495148,161876,76561198164970560,yuurih
False,-7.6447754,-13.07785,161877,76561198164970560,yuurih
False,-7.809906,-8.237686,161878,76561198164970560,yuurih
False,-8.304977,-2.1876526,161879,76561198164970560,yuurih
False,-8.634918,1.4148254,161880,76561198164970560,yuurih
False,-8.882446,4.0546417,161881,76561198164970560,yuurih
False,-8.85498,4.2472534,161882,76561198164970560,yuurih
False,-8.85498,4.2472534,161883,76561198164970560,yuurih
False,-8.85498,4.2472534,161884,76561198164970560,yuurih
False,-8.85498,4.2472534,161885,76561198164970560,yuurih
False,-8.85498,4.2472534,161886,76561198164970560,yuurih
False,-8.85498,4.2472534,161887,76561198164970560,yuurih
False,-8.85498,4.2472534,161888,76561198164970560,yuurih
False,-8.85498,4.2472534,161889,76561198164970560,yuurih
False,-8.85498,4.2472534,161890,76561198164970560,yuurih
False,-8.85498,4.2472534,161891,76561198164970560,yuurih
False,-8.85498,4.2472534,161892,76561198164970560,yuurih
False,-8.85498,4.2472534,161893,76561198164970560,yuurih
False,-8.85498,4.164856,161894,76561198164970560,yuurih
False,-8.882446,3.1747131,161895,76561198164970560,yuurih
False,-8.827515,2.4046326,161896,76561198164970560,yuurih
False,-8.68985,1.8820953,161897,76561198164970560,yuurih
False,-8.4423065,1.2496948,161898,76561198164970560,yuurih
False,-8.194763,0.6172943,161899,76561198164970560,yuurih
False,-7.837372,-0.20770264,161900,76561198164970560,yuurih
False,-7.397232,-1.005249,161901,76561198164970560,yuurih
False,-6.9024963,-1.8851929,161902,76561198164970560,yuurih
False,-6.434906,-2.7925873,161903,76561198164970560,yuurih
False,-5.8848877,-3.8925934,161904,76561198164970560,yuurih
False,-5.4172974,-4.8552704,161905,76561198164970560,yuurih
False,-5.004959,-5.570404,161906,76561198164970560,yuurih
False,-4.72995,-5.9827423,161907,76561198164970560,yuurih
False,-4.42749,-6.147888,161908,76561198164970560,yuurih
False,-4.234894,-6.147888,161909,76561198164970560,yuurih
False,-3.9598846,-6.010208,161910,76561198164970560,yuurih
False,-3.6848755,-5.845413,161911,76561198164970560,yuurih
False,-3.4098816,-5.6802673,161912,76561198164970560,yuurih
False,-3.1074219,-5.570404,161913,76561198164970560,yuurih
False,-2.804947,-5.4052734,161914,76561198164970560,yuurih
False,-2.5299377,-5.240143,161915,76561198164970560,yuurih
False,-2.2824097,-5.075348,161916,76561198164970560,yuurih
False,-2.0074158,-4.9651337,161917,76561198164970560,yuurih
False,-1.677475,-4.8003387,161918,76561198164970560,yuurih
False,-1.375,-4.5527954,161919,76561198164970560,yuurih
False,-1.0725403,-4.2503357,161920,76561198164970560,yuurih
False,-0.714798,-3.947876,161921,76561198164970560,yuurih
False,-0.30245972,-3.645401,161922,76561198164970560,yuurih
False,0.110198975,-3.4527893,161923,76561198164970560,yuurih
False,0.4676056,-3.2601929,161924,76561198164970560,yuurih
False,0.7975464,-2.985199,161925,76561198164970560,yuurih
False,1.0725403,-2.6003265,161926,76561198164970560,yuurih
False,1.3475342,-1.9953918,161927,76561198164970560,yuurih
False,1.5676117,-1.3351746,161928,76561198164970560,yuurih
False,1.7602234,-0.592926,161929,76561198164970560,yuurih
False,1.9524841,0.17715454,161930,76561198164970560,yuurih
False,2.1450806,1.0570984,161931,76561198164970560,yuurih
False,2.3651428,2.1021729,161932,76561198164970560,yuurih
False,2.5577545,3.3673096,161933,76561198164970560,yuurih
False,2.7500153,4.989853,161934,76561198164970560,yuurih
False,2.9151611,6.5845947,161935,76561198164970560,yuurih
False,3.0250244,7.7124023,161936,76561198164970560,yuurih
False,3.1077576,8.729675,161937,76561198164970560,yuurih
False,3.1352234,9.417343,161938,76561198164970560,yuurih
False,3.1077576,9.719818,161939,76561198164970560,yuurih
False,3.1077576,9.77475,161940,76561198164970560,yuurih
False,3.079956,9.77475,161941,76561198164970560,yuurih
False,3.079956,9.77475,161942,76561198164970560,yuurih
False,3.079956,9.77475,161943,76561198164970560,yuurih
False,3.079956,9.77475,161944,76561198164970560,yuurih
False,3.079956,9.77475,161945,76561198164970560,yuurih
False,3.079956,9.77475,161946,76561198164970560,yuurih
False,3.079956,9.77475,161947,76561198164970560,yuurih
False,3.079956,9.77475,161948,76561198164970560,yuurih
False,3.079956,9.77475,161949,76561198164970560,yuurih
False,3.0524902,9.77475,161950,76561198164970560,yuurih
False,3.0250244,9.77475,161951,76561198164970560,yuurih
False,3.0250244,9.77475,161952,76561198164970560,yuurih
False,3.0250244,9.829681,161953,76561198164970560,yuurih
False,3.0250244,9.857147,161954,76561198164970560,yuurih
False,3.1626892,9.884613,161955,76561198164970560,yuurih
False,3.35495,9.77475,161956,76561198164970560,yuurih
False,3.6299438,9.472275,161957,76561198164970560,yuurih
False,3.8774872,9.114868,161958,76561198164970560,yuurih
False,4.2626953,8.3997345,161959,76561198164970560,yuurih
False,4.537689,7.7124023,161960,76561198164970560,yuurih
False,4.895096,6.9697876,161961,76561198164970560,yuurih
False,5.2799683,6.557129,161962,76561198164970560,yuurih
False,5.582428,6.4472656,161963,76561198164970560,yuurih
False,5.857422,6.4198,161964,76561198164970560,yuurih
False,5.995102,6.557129,161965,76561198164970560,yuurih
False,6.0774994,6.7497253,161966,76561198164970560,yuurih
False,6.0774994,6.9972534,161967,76561198164970560,yuurih
False,6.104965,7.2447968,161968,76561198164970560,yuurih
False,6.1877136,7.4374084,161969,76561198164970560,yuurih
False,6.1877136,7.4374084,161970,76561198164970560,yuurih
False,6.1877136,7.4374084,161971,76561198164970560,yuurih
False,6.1877136,7.4374084,161972,76561198164970560,yuurih
False,6.1877136,7.4374084,161973,76561198164970560,yuurih
False,6.1877136,7.4374084,161974,76561198164970560,yuurih
False,6.1877136,7.4374084,161975,76561198164970560,yuurih
False,6.1877136,7.4374084,161976,76561198164970560,yuurih
False,6.1877136,7.4374084,161977,76561198164970560,yuurih
False,6.1877136,7.4374084,161978,76561198164970560,yuurih
False,6.1877136,7.4374084,161979,76561198164970560,yuurih
False,6.0774994,7.35466,161980,76561198164970560,yuurih
False,5.7750244,7.382126,161981,76561198164970560,yuurih
False,5.6376953,7.7124023,161982,76561198164970560,yuurih
False,5.6376953,8.0972595,161983,76561198164970560,yuurih
False,5.7750244,8.894806,161984,76561198164970560,yuurih
False,5.967636,10.077209,161985,76561198164970560,yuurih
False,6.160248,11.397278,161986,76561198164970560,yuurih
False,6.3250427,12.964905,161987,76561198164970560,yuurih
False,6.40744,14.422302,161988,76561198164970560,yuurih
False,6.4352417,15.797302,161989,76561198164970560,yuurih
False,6.4901733,16.512115,161990,76561198164970560,yuurih
False,6.517639,16.704712,161991,76561198164970560,yuurih
False,6.517639,16.704712,161992,76561198164970560,yuurih
False,6.517639,16.704712,161993,76561198164970560,yuurih
False,6.517639,16.704712,161994,76561198164970560,yuurih
False,6.517639,16.704712,161995,76561198164970560,yuurih
False,6.517639,16.704712,161996,76561198164970560,yuurih
False,6.517639,16.704712,161997,76561198164970560,yuurih
False,6.517639,16.704712,161998,76561198164970560,yuurih
False,6.4352417,16.732178,161999,76561198164970560,yuurih
False,6.3250427,16.78711,162000,76561198164970560,yuurih
False,6.270111,16.869843,162001,76561198164970560,yuurih
False,6.270111,16.924774,162002,76561198164970560,yuurih
False,6.3525085,16.924774,162003,76561198164970560,yuurih
False,6.4352417,16.897308,162004,76561198164970560,yuurih
False,6.4627075,16.979706,162005,76561198164970560,yuurih
False,6.4627075,17.034637,162006,76561198164970560,yuurih
False,6.4627075,17.034637,162007,76561198164970560,yuurih
False,6.4627075,17.034637,162008,76561198164970560,yuurih
False,6.4627075,17.034637,162009,76561198164970560,yuurih
False,6.4627075,17.034637,162010,76561198164970560,yuurih
False,6.3799744,17.034637,162011,76561198164970560,yuurih
False,6.3799744,17.062103,162012,76561198164970560,yuurih
False,6.3799744,17.062103,162013,76561198164970560,yuurih
False,6.297577,16.924774,162014,76561198164970560,yuurih
False,6.160248,16.264923,162015,76561198164970560,yuurih
False,6.132431,15.659637,162016,76561198164970560,yuurih
False,6.0500336,15.1371,162017,76561198164970560,yuurih
False,5.9401703,14.284637,162018,76561198164970560,yuurih
False,5.80249,12.854691,162019,76561198164970560,yuurih
False,5.665161,11.342346,162020,76561198164970560,yuurih
False,5.4725647,9.417343,162021,76561198164970560,yuurih
False,5.2799683,8.537415,162022,76561198164970560,yuurih
False,5.032425,8.179657,162023,76561198164970560,yuurih
False,4.8126984,8.179657,162024,76561198164970560,yuurih
False,4.565155,8.344803,162025,76561198164970560,yuurih
False,4.2352295,8.729675,162026,76561198164970560,yuurih
False,3.904953,9.224731,162027,76561198164970560,yuurih
False,3.602478,9.719818,162028,76561198164970560,yuurih
False,3.190155,10.324738,162029,76561198164970560,yuurih
False,2.6676178,10.984619,162030,76561198164970560,yuurih
False,2.1725464,11.58989,162031,76561198164970560,yuurih
False,1.7049408,12.194824,162032,76561198164970560,yuurih
False,1.3200684,12.799759,162033,76561198164970560,yuurih
False,0.87994385,13.6796875,162034,76561198164970560,yuurih
False,0.52253723,14.587097,162035,76561198164970560,yuurih
False,0.30245972,15.27478,162036,76561198164970560,yuurih
False,0.16513062,15.824768,162037,76561198164970560,yuurih
False,0.1376648,15.8797,162038,76561198164970560,yuurih
False,0.1376648,15.8797,162039,76561198164970560,yuurih
False,0.1376648,15.8797,162040,76561198164970560,yuurih
False,0.1376648,15.8797,162041,76561198164970560,yuurih
False,0.1376648,15.8797,162042,76561198164970560,yuurih
False,0.1376648,15.8797,162043,76561198164970560,yuurih
False,0.1376648,15.8797,162044,76561198164970560,yuurih
False,0.1376648,15.8797,162045,76561198164970560,yuurih
False,0.1376648,15.962097,162046,76561198164970560,yuurih
False,0.19259644,16.842377,162047,76561198164970560,yuurih
False,0.1376648,18.62973,162048,76561198164970560,yuurih
False,0.0,21.022339,162049,76561198164970560,yuurih
False,-0.10986328,23.002289,162050,76561198164970560,yuurih
False,-0.19226074,24.157227,162051,76561198164970560,yuurih
False,-0.2749939,24.927292,162052,76561198164970560,yuurih
False,-0.35739136,25.394897,162053,76561198164970560,yuurih
False,-0.38485718,25.532227,162054,76561198164970560,yuurih
False,-0.38485718,25.532227,162055,76561198164970560,yuurih
False,-0.32992554,25.532227,162056,76561198164970560,yuurih
False,-0.30245972,25.614624,162057,76561198164970560,yuurih
False,-0.22006226,25.779755,162058,76561198164970560,yuurih
False,-0.22006226,25.972366,162059,76561198164970560,yuurih
False,-0.19226074,26.054764,162060,76561198164970560,yuurih
False,-0.19226074,26.054764,162061,76561198164970560,yuurih
False,-0.19226074,26.08223,162062,76561198164970560,yuurih
False,-0.19226074,26.109695,162063,76561198164970560,yuurih
False,-0.19226074,26.164627,162064,76561198164970560,yuurih
False,-0.19226074,26.384705,162065,76561198164970560,yuurih
False,-0.19226074,26.604767,162066,76561198164970560,yuurih
False,-0.19226074,26.769897,162067,76561198164970560,yuurih
False,-0.16479492,26.962158,162068,76561198164970560,yuurih
False,-0.16479492,27.209702,162069,76561198164970560,yuurih
False,-0.16479492,27.539642,162070,76561198164970560,yuurih
False,-0.1373291,28.062164,162071,76561198164970560,yuurih
False,-0.08239746,28.639648,162072,76561198164970560,yuurih
False,-0.02746582,29.024841,162073,76561198164970560,yuurih
False,0.05493164,29.354782,162074,76561198164970560,yuurih
False,0.110198975,29.43718,162075,76561198164970560,yuurih
False,0.1376648,29.464645,162076,76561198164970560,yuurih
False,0.16513062,29.547394,162077,76561198164970560,yuurih
False,0.19259644,29.767456,162078,76561198164970560,yuurih
False,0.24752808,29.987183,162079,76561198164970560,yuurih
False,0.2749939,30.207245,162080,76561198164970560,yuurih
False,0.32992554,30.31746,162081,76561198164970560,yuurih
False,0.3577423,30.37239,162082,76561198164970560,yuurih
False,0.3577423,30.37239,162083,76561198164970560,yuurih
False,0.38520813,30.427322,162084,76561198164970560,yuurih
False,0.44013977,30.564651,162085,76561198164970560,yuurih
False,0.52253723,30.729797,162086,76561198164970560,yuurih
False,0.5774689,30.867462,162087,76561198164970560,yuurih
False,0.63275146,31.004791,162088,76561198164970560,yuurih
False,0.7151489,31.224854,162089,76561198164970560,yuurih
False,0.77008057,31.554794,162090,76561198164970560,yuurih
False,0.852478,31.9122,162091,76561198164970560,yuurih
False,0.962677,32.37979,162092,76561198164970560,yuurih
False,1.0450745,32.957275,162093,76561198164970560,yuurih
False,1.1274719,33.53473,162094,76561198164970560,yuurih
False,1.2651367,34.13968,162095,76561198164970560,yuurih
False,1.2926025,34.277344,162096,76561198164970560,yuurih
False,1.2926025,34.277344,162097,76561198164970560,yuurih
False,1.2926025,34.277344,162098,76561198164970560,yuurih
False,1.2926025,34.277344,162099,76561198164970560,yuurih
False,1.2926025,34.277344,162100,76561198164970560,yuurih
False,1.2926025,34.277344,162101,76561198164970560,yuurih
False,1.2926025,34.277344,162102,76561198164970560,yuurih
False,1.2926025,34.277344,162103,76561198164970560,yuurih
False,1.2926025,34.277344,162104,76561198164970560,yuurih
False,1.2926025,34.277344,162105,76561198164970560,yuurih
False,1.1827393,34.52487,162106,76561198164970560,yuurih
False,1.1274719,34.909744,162107,76561198164970560,yuurih
False,1.1274719,35.487213,162108,76561198164970560,yuurih
False,1.2376709,36.037216,162109,76561198164970560,yuurih
False,1.3200684,36.39496,162110,76561198164970560,yuurih
False,1.4577484,36.834747,162111,76561198164970560,yuurih
False,1.51268,37.02736,162112,76561198164970560,yuurih
False,1.5950775,37.16469,162113,76561198164970560,yuurih
False,1.6500092,37.274902,162114,76561198164970560,yuurih
False,1.7327576,37.329834,162115,76561198164970560,yuurih
False,1.7876892,37.384766,162116,76561198164970560,yuurih
False,1.8700867,37.549896,162117,76561198164970560,yuurih
False,1.9524841,37.687225,162118,76561198164970560,yuurih
False,2.090149,37.87982,162119,76561198164970560,yuurih
False,2.227478,38.072433,162120,76561198164970560,yuurih
False,2.3651428,38.264694,162121,76561198164970560,yuurih
False,2.5299377,38.457306,162122,76561198164970560,yuurih
False,2.7225494,38.67737,162123,76561198164970560,yuurih
False,2.8876953,38.924896,162124,76561198164970560,yuurih
False,3.1077576,39.337234,162125,76561198164970560,yuurih
False,3.3000183,39.94217,162126,76561198164970560,yuurih
False,3.4926147,40.43724,162127,76561198164970560,yuurih
False,3.6299438,40.794983,162128,76561198164970560,yuurih
False,3.6577606,40.794983,162129,76561198164970560,yuurih
False,3.6577606,40.794983,162130,76561198164970560,yuurih
False,3.6577606,40.794983,162131,76561198164970560,yuurih
False,3.6577606,40.794983,162132,76561198164970560,yuurih
False,3.6577606,40.794983,162133,76561198164970560,yuurih
False,3.6577606,40.794983,162134,76561198164970560,yuurih
False,3.6577606,40.794983,162135,76561198164970560,yuurih
False,3.6577606,40.794983,162136,76561198164970560,yuurih
False,3.6577606,40.794983,162137,76561198164970560,yuurih
False,3.6299438,40.87738,162138,76561198164970560,yuurih
False,3.6299438,41.097443,162139,76561198164970560,yuurih
False,3.7950897,41.757324,162140,76561198164970560,yuurih
False,4.015167,42.66472,162141,76561198164970560,yuurih
False,4.2626953,43.40732,162142,76561198164970560,yuurih
False,4.5102234,43.79219,162143,76561198164970560,yuurih
False,4.757416,44.259796,162144,76561198164970560,yuurih
False,4.9500275,44.61754,162145,76561198164970560,yuurih
False,5.142639,45.029877,162146,76561198164970560,yuurih
False,5.307434,45.4422,162147,76561198164970560,yuurih
False,5.4725647,45.827408,162148,76561198164970560,yuurih
False,5.582428,46.07495,162149,76561198164970560,yuurih
False,5.720093,46.295013,162150,76561198164970560,yuurih
False,5.857422,46.570007,162151,76561198164970560,yuurih
False,6.0225677,46.845016,162152,76561198164970560,yuurih
False,6.2426453,47.257355,162153,76561198164970560,yuurih
False,6.4627075,47.724945,162154,76561198164970560,yuurih
False,6.6275024,48.16475,162155,76561198164970560,yuurih
